DateTime, Sensor, Temperature (Celcius), Relative Humidity (%), Pressure (hPa)
2018-03-30 00:00:30 +0800, BME280, 25.240000, 55.680664, 1012.417
2018-03-30 00:01:01 +0800, BME280, 25.240000, 55.636719, 1012.427
2018-03-30 00:02:34 +0800, BME280, 25.250000, 55.715820, 1012.408
2018-03-30 00:04:07 +0800, BME280, 25.260000, 55.738281, 1012.362
2018-03-30 00:04:42 +0800, BME280, 25.270000, 55.773438, 1012.397
2018-03-30 00:05:18 +0800, BME280, 25.270000, 55.773438, 1012.386
2018-03-30 00:05:52 +0800, BME280, 25.270000, 55.740234, 1012.381
2018-03-30 00:06:24 +0800, BME280, 25.270000, 55.707031, 1012.371
2018-03-30 00:07:00 +0800, BME280, 25.270000, 55.752930, 1012.394
2018-03-30 00:07:36 +0800, BME280, 25.270000, 55.728516, 1012.398
2018-03-30 00:08:12 +0800, BME280, 25.270000, 55.750977, 1012.332
2018-03-30 00:09:46 +0800, BME280, 25.260000, 55.794922, 1012.354
2018-03-30 00:10:18 +0800, BME280, 25.270000, 55.808594, 1012.327
2018-03-30 00:10:52 +0800, BME280, 25.270000, 55.829102, 1012.345
2018-03-30 00:11:24 +0800, BME280, 25.280001, 55.830078, 1012.321
2018-03-30 00:11:56 +0800, BME280, 25.280001, 55.864258, 1012.312
2018-03-30 00:12:27 +0800, BME280, 25.270000, 55.840820, 1012.289
2018-03-30 00:13:00 +0800, BME280, 25.270000, 55.884766, 1012.314
2018-03-30 00:13:33 +0800, BME280, 25.270000, 55.851562, 1012.317
2018-03-30 00:14:18 +0800, BME280, 25.270000, 55.897461, 1012.317
2018-03-30 00:14:50 +0800, BME280, 25.270000, 55.929688, 1012.268
2018-03-30 00:15:22 +0800, BME280, 25.260000, 55.973633, 1012.293
2018-03-30 00:16:00 +0800, BME280, 25.270000, 55.962891, 1012.310
2018-03-30 00:16:38 +0800, BME280, 25.280001, 55.942383, 1012.314
2018-03-30 00:17:09 +0800, BME280, 25.270000, 55.985352, 1012.320
2018-03-30 00:17:42 +0800, BME280, 25.260000, 55.996094, 1012.284
2018-03-30 00:18:16 +0800, BME280, 25.270000, 55.997070, 1012.270
2018-03-30 00:18:48 +0800, BME280, 25.260000, 56.061523, 1012.253
2018-03-30 00:19:30 +0800, BME280, 25.270000, 56.019531, 1012.270
2018-03-30 00:20:08 +0800, BME280, 25.270000, 56.007812, 1012.248
2018-03-30 00:20:39 +0800, BME280, 25.260000, 56.073242, 1012.233
2018-03-30 00:21:11 +0800, BME280, 25.250000, 56.105469, 1012.244
2018-03-30 00:21:48 +0800, BME280, 25.270000, 56.096680, 1012.222
2018-03-30 00:22:20 +0800, BME280, 25.260000, 56.127930, 1012.218
2018-03-30 00:22:52 +0800, BME280, 25.260000, 56.140625, 1012.227
2018-03-30 00:23:30 +0800, BME280, 25.250000, 56.150391, 1012.236
2018-03-30 00:24:02 +0800, BME280, 25.260000, 56.150391, 1012.213
2018-03-30 00:24:34 +0800, BME280, 25.260000, 56.163086, 1012.202
2018-03-30 00:25:06 +0800, BME280, 25.270000, 56.186523, 1012.209
2018-03-30 00:25:38 +0800, BME280, 25.270000, 56.186523, 1012.238
2018-03-30 00:26:09 +0800, BME280, 25.270000, 56.208984, 1012.270
2018-03-30 00:26:42 +0800, BME280, 25.260000, 56.218750, 1012.239
2018-03-30 00:27:18 +0800, BME280, 25.260000, 56.218750, 1012.233
2018-03-30 00:27:50 +0800, BME280, 25.260000, 56.241211, 1012.199
2018-03-30 00:28:21 +0800, BME280, 25.270000, 56.220703, 1012.234
2018-03-30 00:28:56 +0800, BME280, 25.270000, 56.243164, 1012.229
2018-03-30 00:29:36 +0800, BME280, 25.270000, 56.252930, 1012.255
2018-03-30 00:30:10 +0800, BME280, 25.270000, 56.309570, 1012.220
2018-03-30 00:30:42 +0800, BME280, 25.270000, 56.309570, 1012.213
2018-03-30 00:31:13 +0800, BME280, 25.270000, 56.321289, 1012.239
2018-03-30 00:31:52 +0800, BME280, 25.270000, 56.342773, 1012.254
2018-03-30 00:35:28 +0800, BME280, 25.240000, 56.472656, 1012.199
2018-03-30 00:36:00 +0800, BME280, 24.889999, 56.483398, 1011.632
2018-03-30 00:36:32 +0800, BME280, 25.250000, 56.518555, 1012.196
2018-03-30 00:37:03 +0800, BME280, 25.250000, 56.540039, 1012.175
2018-03-30 00:37:35 +0800, BME280, 25.250000, 56.551758, 1012.190
2018-03-30 00:38:07 +0800, BME280, 25.240000, 56.573242, 1012.187
2018-03-30 00:38:39 +0800, BME280, 25.240000, 56.583008, 1012.150
2018-03-30 00:39:12 +0800, BME280, 25.240000, 56.583984, 1012.164
2018-03-30 00:39:44 +0800, BME280, 25.240000, 56.618164, 1012.206
2018-03-30 00:40:22 +0800, BME280, 25.240000, 56.628906, 1012.177
2018-03-30 00:40:54 +0800, BME280, 25.250000, 56.618164, 1012.150
2018-03-30 00:41:25 +0800, BME280, 25.250000, 56.640625, 1012.187
2018-03-30 00:43:02 +0800, BME280, 25.240000, 56.662109, 1012.167
2018-03-30 00:43:42 +0800, BME280, 25.250000, 56.685547, 1012.152
2018-03-30 00:44:17 +0800, BME280, 25.260000, 56.685547, 1012.181
2018-03-30 00:44:48 +0800, BME280, 25.250000, 56.641602, 1012.168
2018-03-30 00:45:31 +0800, BME280, 25.250000, 56.697266, 1012.162
2018-03-30 00:46:02 +0800, BME280, 25.240000, 56.794922, 1012.178
2018-03-30 00:46:34 +0800, BME280, 25.240000, 56.773438, 1012.157
2018-03-30 00:47:09 +0800, BME280, 25.250000, 56.785156, 1012.163
2018-03-30 00:47:40 +0800, BME280, 25.240000, 56.785156, 1012.196
2018-03-30 00:48:13 +0800, BME280, 25.230000, 56.806641, 1012.183
2018-03-30 00:48:49 +0800, BME280, 25.240000, 56.818359, 1012.172
2018-03-30 00:49:36 +0800, BME280, 25.230000, 56.839844, 1012.187
2018-03-30 00:51:13 +0800, BME280, 25.240000, 56.828125, 1012.167
2018-03-30 00:51:44 +0800, BME280, 25.240000, 56.840820, 1012.134
2018-03-30 00:52:18 +0800, BME280, 25.240000, 56.840820, 1012.147
2018-03-30 00:52:53 +0800, BME280, 25.240000, 56.840820, 1012.095
2018-03-30 00:53:28 +0800, BME280, 25.240000, 56.862305, 1012.124
2018-03-30 00:54:01 +0800, BME280, 25.240000, 56.863281, 1012.110
2018-03-30 00:54:32 +0800, BME280, 25.240000, 56.906250, 1012.127
2018-03-30 00:55:04 +0800, BME280, 25.240000, 56.895508, 1012.111
2018-03-30 00:55:35 +0800, BME280, 25.240000, 56.896484, 1012.135
2018-03-30 00:56:07 +0800, BME280, 25.230000, 56.928711, 1012.144
2018-03-30 00:56:38 +0800, BME280, 25.230000, 56.940430, 1012.126
2018-03-30 00:57:10 +0800, BME280, 25.240000, 56.961914, 1012.173
2018-03-30 00:57:41 +0800, BME280, 25.240000, 56.951172, 1012.174
2018-03-30 00:58:13 +0800, BME280, 25.240000, 56.918945, 1012.180
2018-03-30 00:58:44 +0800, BME280, 25.230000, 56.951172, 1012.143
2018-03-30 00:59:17 +0800, BME280, 25.240000, 56.951172, 1012.172
2018-03-30 00:59:49 +0800, BME280, 25.240000, 56.973633, 1012.159
2018-03-30 01:00:21 +0800, BME280, 25.240000, 56.974609, 1012.134
2018-03-30 01:00:52 +0800, BME280, 25.240000, 56.963867, 1012.145
2018-03-30 01:01:31 +0800, BME280, 25.240000, 56.952148, 1012.121
2018-03-30 01:02:05 +0800, BME280, 25.250000, 56.975586, 1012.118
2018-03-30 01:02:43 +0800, BME280, 25.240000, 57.030273, 1012.106
2018-03-30 01:03:21 +0800, BME280, 25.240000, 57.041992, 1012.122
2018-03-30 01:03:53 +0800, BME280, 25.240000, 57.051758, 1012.118
2018-03-30 01:04:24 +0800, BME280, 25.240000, 57.051758, 1012.132
2018-03-30 01:05:02 +0800, BME280, 25.250000, 57.052734, 1012.126
2018-03-30 01:05:52 +0800, BME280, 25.240000, 57.029297, 1012.078
2018-03-30 01:06:25 +0800, BME280, 25.240000, 57.041992, 1012.078
2018-03-30 01:06:56 +0800, BME280, 25.240000, 57.062500, 1012.066
2018-03-30 01:07:29 +0800, BME280, 25.219999, 57.083984, 1012.029
2018-03-30 01:08:03 +0800, BME280, 25.240000, 57.075195, 1012.092
2018-03-30 01:08:45 +0800, BME280, 25.240000, 57.097656, 1012.087
2018-03-30 01:09:25 +0800, BME280, 25.230000, 57.118164, 1012.052
2018-03-30 01:09:59 +0800, BME280, 25.219999, 57.106445, 1012.027
2018-03-30 01:10:33 +0800, BME280, 25.230000, 57.140625, 1012.031
2018-03-30 01:11:04 +0800, BME280, 25.230000, 57.184570, 1012.030
2018-03-30 01:11:36 +0800, BME280, 25.219999, 57.228516, 1012.023
2018-03-30 01:12:13 +0800, BME280, 25.219999, 57.195312, 1012.010
2018-03-30 01:12:47 +0800, BME280, 25.219999, 57.194336, 1012.007
2018-03-30 01:13:27 +0800, BME280, 25.219999, 57.240234, 1012.007
2018-03-30 01:13:59 +0800, BME280, 25.230000, 57.228516, 1012.062
2018-03-30 01:14:30 +0800, BME280, 25.219999, 57.228516, 1012.042
2018-03-30 01:15:07 +0800, BME280, 25.230000, 57.229492, 1012.029
2018-03-30 01:15:43 +0800, BME280, 25.219999, 57.284180, 1011.983
2018-03-30 01:16:15 +0800, BME280, 25.230000, 57.273438, 1012.034
2018-03-30 01:16:49 +0800, BME280, 25.219999, 57.295898, 1011.977
2018-03-30 01:17:20 +0800, BME280, 25.219999, 57.306641, 1012.013
2018-03-30 01:17:54 +0800, BME280, 25.219999, 57.339844, 1011.993
2018-03-30 01:18:25 +0800, BME280, 25.219999, 57.329102, 1011.998
2018-03-30 01:18:59 +0800, BME280, 25.219999, 57.338867, 1011.972
2018-03-30 01:19:33 +0800, BME280, 25.230000, 57.296875, 1011.979
2018-03-30 01:20:04 +0800, BME280, 25.219999, 57.318359, 1012.020
2018-03-30 01:20:39 +0800, BME280, 25.230000, 57.341797, 1011.979
2018-03-30 01:21:19 +0800, BME280, 25.219999, 57.318359, 1011.989
2018-03-30 01:21:53 +0800, BME280, 25.240000, 57.307617, 1012.003
2018-03-30 01:22:27 +0800, BME280, 25.219999, 57.318359, 1012.012
2018-03-30 01:23:05 +0800, BME280, 25.230000, 57.351562, 1011.992
2018-03-30 01:23:41 +0800, BME280, 25.230000, 57.375000, 1011.994
2018-03-30 01:24:17 +0800, BME280, 25.219999, 57.351562, 1011.973
2018-03-30 01:24:53 +0800, BME280, 25.230000, 57.341797, 1012.016
2018-03-30 01:25:25 +0800, BME280, 25.219999, 57.339844, 1012.030
2018-03-30 01:25:56 +0800, BME280, 25.230000, 57.352539, 1012.001
2018-03-30 01:26:31 +0800, BME280, 25.230000, 57.351562, 1011.988
2018-03-30 01:27:05 +0800, BME280, 25.230000, 57.397461, 1012.016
2018-03-30 01:27:36 +0800, BME280, 25.230000, 57.375000, 1012.000
2018-03-30 01:28:08 +0800, BME280, 25.230000, 57.374023, 1011.975
2018-03-30 01:28:45 +0800, BME280, 25.240000, 57.375000, 1011.988
2018-03-30 01:29:17 +0800, BME280, 25.230000, 57.397461, 1012.059
2018-03-30 01:29:48 +0800, BME280, 25.230000, 57.408203, 1011.993
2018-03-30 01:30:21 +0800, BME280, 25.230000, 57.419922, 1012.015
2018-03-30 01:30:57 +0800, BME280, 25.230000, 57.407227, 1011.987
2018-03-30 01:31:31 +0800, BME280, 25.230000, 57.408203, 1012.020
2018-03-30 01:32:03 +0800, BME280, 25.230000, 57.397461, 1012.073
2018-03-30 01:32:37 +0800, BME280, 25.230000, 57.441406, 1012.044
2018-03-30 01:33:09 +0800, BME280, 25.230000, 57.473633, 1012.022
2018-03-30 01:33:41 +0800, BME280, 25.219999, 57.462891, 1011.971
2018-03-30 01:34:19 +0800, BME280, 25.230000, 57.497070, 1012.014
2018-03-30 01:34:53 +0800, BME280, 25.219999, 57.496094, 1011.990
2018-03-30 01:35:27 +0800, BME280, 25.219999, 57.505859, 1012.014
2018-03-30 01:36:09 +0800, BME280, 25.209999, 57.527344, 1011.983
2018-03-30 01:36:41 +0800, BME280, 25.219999, 57.516602, 1012.012
2018-03-30 01:37:15 +0800, BME280, 25.219999, 57.528320, 1011.958
2018-03-30 01:37:47 +0800, BME280, 25.219999, 57.505859, 1011.996
2018-03-30 01:38:27 +0800, BME280, 25.219999, 57.517578, 1011.965
2018-03-30 01:40:01 +0800, BME280, 25.209999, 57.538086, 1011.966
2018-03-30 01:40:33 +0800, BME280, 25.219999, 57.550781, 1011.945
2018-03-30 01:41:05 +0800, BME280, 25.209999, 57.583008, 1011.918
2018-03-30 01:41:37 +0800, BME280, 25.200001, 57.572266, 1011.880
2018-03-30 01:42:18 +0800, BME280, 25.209999, 57.583008, 1011.897
2018-03-30 01:42:49 +0800, BME280, 25.219999, 57.551758, 1011.914
2018-03-30 01:43:43 +0800, BME280, 25.209999, 57.583008, 1011.887
2018-03-30 01:44:19 +0800, BME280, 25.209999, 57.605469, 1011.879
2018-03-30 01:47:00 +0800, BME280, 25.209999, 57.627930, 1011.879
2018-03-30 01:47:32 +0800, BME280, 25.200001, 57.638672, 1011.858
2018-03-30 01:48:04 +0800, BME280, 25.209999, 57.638672, 1011.876
2018-03-30 01:48:36 +0800, BME280, 25.219999, 57.639648, 1011.884
2018-03-30 01:49:07 +0800, BME280, 25.219999, 57.651367, 1011.881
2018-03-30 01:49:39 +0800, BME280, 25.209999, 57.627930, 1011.924
2018-03-30 01:50:16 +0800, BME280, 25.209999, 57.627930, 1011.890
2018-03-30 01:50:50 +0800, BME280, 25.219999, 57.662109, 1011.844
2018-03-30 01:51:22 +0800, BME280, 25.219999, 57.662109, 1011.848
2018-03-30 01:51:59 +0800, BME280, 25.200001, 57.650391, 1011.842
2018-03-30 01:52:34 +0800, BME280, 25.209999, 57.661133, 1011.839
2018-03-30 01:53:12 +0800, BME280, 25.200001, 57.704102, 1011.816
2018-03-30 01:53:49 +0800, BME280, 25.200001, 57.706055, 1011.810
2018-03-30 01:54:21 +0800, BME280, 25.209999, 57.706055, 1011.831
2018-03-30 01:55:56 +0800, BME280, 25.200001, 57.728516, 1011.756
2018-03-30 01:56:27 +0800, BME280, 25.209999, 57.728516, 1011.789
2018-03-30 01:56:59 +0800, BME280, 25.219999, 57.684570, 1011.769
2018-03-30 01:57:31 +0800, BME280, 25.200001, 57.749023, 1011.751
2018-03-30 01:59:06 +0800, BME280, 25.200001, 57.750000, 1011.737
2018-03-30 01:59:37 +0800, BME280, 25.200001, 57.739258, 1011.691
2018-03-30 02:00:14 +0800, BME280, 25.200001, 57.715820, 1011.612
2018-03-30 02:00:45 +0800, BME280, 25.200001, 57.728516, 1011.610
2018-03-30 02:01:17 +0800, BME280, 25.200001, 57.794922, 1011.595
2018-03-30 02:01:56 +0800, BME280, 25.200001, 57.738281, 1011.577
2018-03-30 02:02:38 +0800, BME280, 25.190001, 57.748047, 1011.580
2018-03-30 02:03:09 +0800, BME280, 25.180000, 57.792969, 1011.559
2018-03-30 02:03:48 +0800, BME280, 25.190001, 57.826172, 1011.531
2018-03-30 02:04:27 +0800, BME280, 25.180000, 57.792969, 1011.597
2018-03-30 02:04:59 +0800, BME280, 25.180000, 57.780273, 1011.565
2018-03-30 02:05:36 +0800, BME280, 25.170000, 57.801758, 1011.569
2018-03-30 02:06:07 +0800, BME280, 25.180000, 57.802734, 1011.628
2018-03-30 02:06:39 +0800, BME280, 25.170000, 57.823242, 1011.574
2018-03-30 02:07:12 +0800, BME280, 25.170000, 57.890625, 1011.552
2018-03-30 02:07:45 +0800, BME280, 25.180000, 57.846680, 1011.599
2018-03-30 02:08:18 +0800, BME280, 25.170000, 57.756836, 1011.615
2018-03-30 02:08:50 +0800, BME280, 25.170000, 57.745117, 1011.557
2018-03-30 02:09:21 +0800, BME280, 25.180000, 57.747070, 1011.599
2018-03-30 02:09:53 +0800, BME280, 25.170000, 57.747070, 1011.610
2018-03-30 02:10:25 +0800, BME280, 25.170000, 57.789062, 1011.579
2018-03-30 02:10:56 +0800, BME280, 25.170000, 57.747070, 1011.620
2018-03-30 02:11:28 +0800, BME280, 25.170000, 57.711914, 1011.634
2018-03-30 02:12:18 +0800, BME280, 25.180000, 57.702148, 1011.605
2018-03-30 02:12:52 +0800, BME280, 25.170000, 57.691406, 1011.570
2018-03-30 02:13:32 +0800, BME280, 25.170000, 57.711914, 1011.598
2018-03-30 02:14:03 +0800, BME280, 25.180000, 57.702148, 1011.599
2018-03-30 02:14:35 +0800, BME280, 25.180000, 57.679688, 1011.587
2018-03-30 02:15:06 +0800, BME280, 25.170000, 57.689453, 1011.614
2018-03-30 02:15:46 +0800, BME280, 25.170000, 57.668945, 1011.585
2018-03-30 02:16:20 +0800, BME280, 25.170000, 57.678711, 1011.543
2018-03-30 02:16:56 +0800, BME280, 25.180000, 57.657227, 1011.554
2018-03-30 02:17:32 +0800, BME280, 25.170000, 57.668945, 1011.543
2018-03-30 02:18:06 +0800, BME280, 25.170000, 57.710938, 1011.520
2018-03-30 02:18:52 +0800, BME280, 25.170000, 57.667969, 1011.526
2018-03-30 02:19:23 +0800, BME280, 25.170000, 57.702148, 1011.545
2018-03-30 02:20:00 +0800, BME280, 25.170000, 57.678711, 1011.529
2018-03-30 02:20:31 +0800, BME280, 25.170000, 57.702148, 1011.501
2018-03-30 02:21:03 +0800, BME280, 25.160000, 57.712891, 1011.467
2018-03-30 02:21:58 +0800, BME280, 25.170000, 57.677734, 1011.483
2018-03-30 02:22:30 +0800, BME280, 25.170000, 57.711914, 1011.482
2018-03-30 02:23:01 +0800, BME280, 25.170000, 57.688477, 1011.478
2018-03-30 02:23:48 +0800, BME280, 25.170000, 57.711914, 1011.472
2018-03-30 02:24:19 +0800, BME280, 25.170000, 57.623047, 1011.450
2018-03-30 02:24:54 +0800, BME280, 25.170000, 57.756836, 1011.483
2018-03-30 02:25:25 +0800, BME280, 25.170000, 57.734375, 1011.487
2018-03-30 02:25:58 +0800, BME280, 25.170000, 57.735352, 1011.533
2018-03-30 02:26:32 +0800, BME280, 25.170000, 57.755859, 1011.473
2018-03-30 02:27:04 +0800, BME280, 25.180000, 57.735352, 1011.488
2018-03-30 02:27:35 +0800, BME280, 25.170000, 57.724609, 1011.464
2018-03-30 02:28:07 +0800, BME280, 25.160000, 57.632812, 1011.497
2018-03-30 02:28:48 +0800, BME280, 25.160000, 57.710938, 1011.484
2018-03-30 02:29:22 +0800, BME280, 25.160000, 57.700195, 1011.477
2018-03-30 02:29:58 +0800, BME280, 25.190001, 57.714844, 1011.488
2018-03-30 02:30:30 +0800, BME280, 25.170000, 57.701172, 1011.461
2018-03-30 02:31:01 +0800, BME280, 25.170000, 57.678711, 1011.441
2018-03-30 02:31:40 +0800, BME280, 25.160000, 57.677734, 1011.390
2018-03-30 02:32:12 +0800, BME280, 25.160000, 57.700195, 1011.429
2018-03-30 02:32:54 +0800, BME280, 25.170000, 57.688477, 1011.381
2018-03-30 02:33:30 +0800, BME280, 25.170000, 57.689453, 1011.418
2018-03-30 02:34:06 +0800, BME280, 25.170000, 57.711914, 1011.431
2018-03-30 02:34:38 +0800, BME280, 25.170000, 57.677734, 1011.367
2018-03-30 02:35:16 +0800, BME280, 25.180000, 57.691406, 1011.403
2018-03-30 02:35:50 +0800, BME280, 25.170000, 57.702148, 1011.398
2018-03-30 02:36:21 +0800, BME280, 25.170000, 57.678711, 1011.411
2018-03-30 02:36:53 +0800, BME280, 25.170000, 57.733398, 1011.376
2018-03-30 02:37:24 +0800, BME280, 25.170000, 57.712891, 1011.388
2018-03-30 02:38:00 +0800, BME280, 25.170000, 57.689453, 1011.361
2018-03-30 02:38:46 +0800, BME280, 25.170000, 57.689453, 1011.326
2018-03-30 02:39:24 +0800, BME280, 25.170000, 57.667969, 1011.353
2018-03-30 02:39:58 +0800, BME280, 25.170000, 57.701172, 1011.343
2018-03-30 02:40:30 +0800, BME280, 25.170000, 57.667969, 1011.328
2018-03-30 02:41:02 +0800, BME280, 25.160000, 57.688477, 1011.292
2018-03-30 02:41:33 +0800, BME280, 25.170000, 57.677734, 1011.302
2018-03-30 02:42:08 +0800, BME280, 25.170000, 57.700195, 1011.302
2018-03-30 02:42:39 +0800, BME280, 25.170000, 57.701172, 1011.324
2018-03-30 02:43:12 +0800, BME280, 25.160000, 57.677734, 1011.314
2018-03-30 02:43:43 +0800, BME280, 25.160000, 57.643555, 1011.287
2018-03-30 02:44:15 +0800, BME280, 25.160000, 57.655273, 1011.265
2018-03-30 02:44:48 +0800, BME280, 25.160000, 57.655273, 1011.245
2018-03-30 02:45:26 +0800, BME280, 25.160000, 57.688477, 1011.229
2018-03-30 02:45:57 +0800, BME280, 25.160000, 57.677734, 1011.197
2018-03-30 02:46:29 +0800, BME280, 25.160000, 57.710938, 1011.253
2018-03-30 02:47:06 +0800, BME280, 25.150000, 57.687500, 1011.217
2018-03-30 02:47:42 +0800, BME280, 25.150000, 57.732422, 1011.208
2018-03-30 02:48:16 +0800, BME280, 25.160000, 57.710938, 1011.216
2018-03-30 02:48:58 +0800, BME280, 25.170000, 57.721680, 1011.185
2018-03-30 02:49:30 +0800, BME280, 25.160000, 57.733398, 1011.174
2018-03-30 02:50:08 +0800, BME280, 25.160000, 57.733398, 1011.178
2018-03-30 02:50:42 +0800, BME280, 25.160000, 57.677734, 1011.182
2018-03-30 02:51:20 +0800, BME280, 25.160000, 57.677734, 1011.170
2018-03-30 02:51:52 +0800, BME280, 25.160000, 57.700195, 1011.157
2018-03-30 02:52:23 +0800, BME280, 25.160000, 57.733398, 1011.175
2018-03-30 02:52:56 +0800, BME280, 25.160000, 57.677734, 1011.148
2018-03-30 02:53:30 +0800, BME280, 25.160000, 57.655273, 1011.168
2018-03-30 02:54:08 +0800, BME280, 25.150000, 57.675781, 1011.158
2018-03-30 02:54:39 +0800, BME280, 25.160000, 57.700195, 1011.196
2018-03-30 02:55:11 +0800, BME280, 25.160000, 57.688477, 1011.198
2018-03-30 02:55:44 +0800, BME280, 25.160000, 57.666016, 1011.178
2018-03-30 02:56:16 +0800, BME280, 25.160000, 57.677734, 1011.156
2018-03-30 02:56:47 +0800, BME280, 25.160000, 57.655273, 1011.174
2018-03-30 02:57:26 +0800, BME280, 25.160000, 57.688477, 1011.174
2018-03-30 02:58:02 +0800, BME280, 25.160000, 57.666016, 1011.130
2018-03-30 02:58:36 +0800, BME280, 25.170000, 57.667969, 1011.173
2018-03-30 02:59:14 +0800, BME280, 25.160000, 57.599609, 1011.178
2018-03-30 02:59:50 +0800, BME280, 25.170000, 57.678711, 1011.191
2018-03-30 03:00:26 +0800, BME280, 25.160000, 57.655273, 1011.182
2018-03-30 03:00:58 +0800, BME280, 25.160000, 57.655273, 1011.183
2018-03-30 03:01:36 +0800, BME280, 25.170000, 57.688477, 1011.187
2018-03-30 03:02:10 +0800, BME280, 25.160000, 57.643555, 1011.178
2018-03-30 03:03:50 +0800, BME280, 25.160000, 57.599609, 1011.212
2018-03-30 03:04:21 +0800, BME280, 25.160000, 57.610352, 1011.164
2018-03-30 03:04:56 +0800, BME280, 25.160000, 57.721680, 1011.185
2018-03-30 03:05:30 +0800, BME280, 25.160000, 57.666016, 1011.238
2018-03-30 03:06:06 +0800, BME280, 25.170000, 57.666016, 1011.212
2018-03-30 03:06:37 +0800, BME280, 25.160000, 57.655273, 1011.247
2018-03-30 03:07:14 +0800, BME280, 25.160000, 57.666016, 1011.241
2018-03-30 03:07:45 +0800, BME280, 25.160000, 57.632812, 1011.199
2018-03-30 03:08:20 +0800, BME280, 25.160000, 57.632812, 1011.218
2018-03-30 03:08:56 +0800, BME280, 25.160000, 57.655273, 1011.215
2018-03-30 03:09:28 +0800, BME280, 25.170000, 57.632812, 1011.202
2018-03-30 03:10:00 +0800, BME280, 25.160000, 57.632812, 1011.213
2018-03-30 03:10:31 +0800, BME280, 25.160000, 57.622070, 1011.209
2018-03-30 03:11:03 +0800, BME280, 25.160000, 57.643555, 1011.207
2018-03-30 03:12:37 +0800, BME280, 25.160000, 57.622070, 1011.242
2018-03-30 03:13:10 +0800, BME280, 25.150000, 57.631836, 1011.217
2018-03-30 03:13:45 +0800, BME280, 25.150000, 57.631836, 1011.184
2018-03-30 03:14:16 +0800, BME280, 25.160000, 57.665039, 1011.192
2018-03-30 03:14:51 +0800, BME280, 25.150000, 57.654297, 1011.193
2018-03-30 03:15:22 +0800, BME280, 25.150000, 57.654297, 1011.227
2018-03-30 03:15:54 +0800, BME280, 25.150000, 57.654297, 1011.180
2018-03-30 03:16:28 +0800, BME280, 25.150000, 57.665039, 1011.166
2018-03-30 03:17:02 +0800, BME280, 25.150000, 57.687500, 1011.178
2018-03-30 03:17:34 +0800, BME280, 25.150000, 57.654297, 1011.187
2018-03-30 03:18:18 +0800, BME280, 25.160000, 57.655273, 1011.166
2018-03-30 03:18:53 +0800, BME280, 25.150000, 57.620117, 1011.173
2018-03-30 03:19:25 +0800, BME280, 25.150000, 57.630859, 1011.140
2018-03-30 03:20:02 +0800, BME280, 25.150000, 57.654297, 1011.131
2018-03-30 03:20:34 +0800, BME280, 25.150000, 57.654297, 1011.134
2018-03-30 03:21:05 +0800, BME280, 25.150000, 57.620117, 1011.130
2018-03-30 03:21:37 +0800, BME280, 25.139999, 57.608398, 1011.101
2018-03-30 03:22:09 +0800, BME280, 25.160000, 57.610352, 1011.117
2018-03-30 03:22:41 +0800, BME280, 25.160000, 57.599609, 1011.137
2018-03-30 03:23:12 +0800, BME280, 25.160000, 57.632812, 1011.127
2018-03-30 03:23:44 +0800, BME280, 25.150000, 57.642578, 1011.138
2018-03-30 03:24:19 +0800, BME280, 25.150000, 57.665039, 1011.126
2018-03-30 03:24:50 +0800, BME280, 25.139999, 57.665039, 1011.085
2018-03-30 03:25:25 +0800, BME280, 25.150000, 57.609375, 1011.131
2018-03-30 03:25:56 +0800, BME280, 25.150000, 57.620117, 1011.141
2018-03-30 03:26:29 +0800, BME280, 25.150000, 57.609375, 1011.138
2018-03-30 03:27:03 +0800, BME280, 25.150000, 57.631836, 1011.169
2018-03-30 03:27:34 +0800, BME280, 25.150000, 57.642578, 1011.162
2018-03-30 03:28:07 +0800, BME280, 25.150000, 57.642578, 1011.153
2018-03-30 03:28:55 +0800, BME280, 25.139999, 57.641602, 1011.156
2018-03-30 03:29:37 +0800, BME280, 25.150000, 57.641602, 1011.120
2018-03-30 03:30:19 +0800, BME280, 25.150000, 57.609375, 1011.139
2018-03-30 03:30:51 +0800, BME280, 25.150000, 57.630859, 1011.118
2018-03-30 03:31:22 +0800, BME280, 25.150000, 57.609375, 1011.120
2018-03-30 03:31:59 +0800, BME280, 25.150000, 57.665039, 1011.133
2018-03-30 03:32:31 +0800, BME280, 25.150000, 57.620117, 1011.120
2018-03-30 03:33:07 +0800, BME280, 25.150000, 57.642578, 1011.148
2018-03-30 03:33:38 +0800, BME280, 25.150000, 57.631836, 1011.121
2018-03-30 03:34:10 +0800, BME280, 25.150000, 57.620117, 1011.129
2018-03-30 03:34:41 +0800, BME280, 25.150000, 57.631836, 1011.131
2018-03-30 03:35:15 +0800, BME280, 25.150000, 57.620117, 1011.080
2018-03-30 03:35:47 +0800, BME280, 25.150000, 57.609375, 1011.112
2018-03-30 03:36:19 +0800, BME280, 25.150000, 57.620117, 1011.101
2018-03-30 03:36:51 +0800, BME280, 25.150000, 57.620117, 1011.120
2018-03-30 03:37:27 +0800, BME280, 25.150000, 57.641602, 1011.095
2018-03-30 03:38:03 +0800, BME280, 25.139999, 57.619141, 1011.066
2018-03-30 03:38:34 +0800, BME280, 25.139999, 57.619141, 1011.102
2018-03-30 03:39:06 +0800, BME280, 25.150000, 57.596680, 1011.117
2018-03-30 03:39:43 +0800, BME280, 25.150000, 57.631836, 1011.134
2018-03-30 03:40:15 +0800, BME280, 25.139999, 57.596680, 1011.106
2018-03-30 03:40:46 +0800, BME280, 25.150000, 57.586914, 1011.141
2018-03-30 03:41:21 +0800, BME280, 25.129999, 57.631836, 1011.092
2018-03-30 03:41:52 +0800, BME280, 25.160000, 57.599609, 1011.105
2018-03-30 03:42:47 +0800, BME280, 25.150000, 57.609375, 1011.141
2018-03-30 03:43:29 +0800, BME280, 25.150000, 57.564453, 1011.114
2018-03-30 03:44:01 +0800, BME280, 25.150000, 57.620117, 1011.153
2018-03-30 03:44:35 +0800, BME280, 25.150000, 57.608398, 1011.130
2018-03-30 03:45:09 +0800, BME280, 25.150000, 57.586914, 1011.140
2018-03-30 03:45:45 +0800, BME280, 25.129999, 57.595703, 1011.108
2018-03-30 03:46:17 +0800, BME280, 25.150000, 57.631836, 1011.148
2018-03-30 03:47:01 +0800, BME280, 25.150000, 57.609375, 1011.125
2018-03-30 03:49:47 +0800, BME280, 25.139999, 57.630859, 1011.125
2018-03-30 03:50:19 +0800, BME280, 25.139999, 57.619141, 1011.132
2018-03-30 03:50:57 +0800, BME280, 25.150000, 57.575195, 1011.157
2018-03-30 03:51:51 +0800, BME280, 25.150000, 57.575195, 1011.144
2018-03-30 03:52:25 +0800, BME280, 25.150000, 57.598633, 1011.150
2018-03-30 03:52:56 +0800, BME280, 25.150000, 57.576172, 1011.155
2018-03-30 03:53:41 +0800, BME280, 25.150000, 57.609375, 1011.169
2018-03-30 03:54:27 +0800, BME280, 25.150000, 57.598633, 1011.157
2018-03-30 03:55:03 +0800, BME280, 25.150000, 57.585938, 1011.203
2018-03-30 03:55:37 +0800, BME280, 25.150000, 57.586914, 1011.190
2018-03-30 03:56:09 +0800, BME280, 25.139999, 57.585938, 1011.182
2018-03-30 03:57:03 +0800, BME280, 25.150000, 57.576172, 1011.165
2018-03-30 03:57:39 +0800, BME280, 25.150000, 57.531250, 1011.166
2018-03-30 03:58:11 +0800, BME280, 25.150000, 57.553711, 1011.160
2018-03-30 03:58:43 +0800, BME280, 25.150000, 57.576172, 1011.171
2018-03-30 03:59:27 +0800, BME280, 25.139999, 57.575195, 1011.138
2018-03-30 03:59:58 +0800, BME280, 25.150000, 57.552734, 1011.161
2018-03-30 04:00:30 +0800, BME280, 25.150000, 57.553711, 1011.165
2018-03-30 04:01:03 +0800, BME280, 25.150000, 57.564453, 1011.154
2018-03-30 04:01:35 +0800, BME280, 25.150000, 57.552734, 1011.149
2018-03-30 04:02:09 +0800, BME280, 25.150000, 57.563477, 1011.140
2018-03-30 04:02:41 +0800, BME280, 25.150000, 57.585938, 1011.115
2018-03-30 04:03:19 +0800, BME280, 25.129999, 57.562500, 1011.078
2018-03-30 04:04:53 +0800, BME280, 25.139999, 57.596680, 1011.089
2018-03-30 04:05:29 +0800, BME280, 25.150000, 57.596680, 1011.139
2018-03-30 04:06:09 +0800, BME280, 25.139999, 57.575195, 1011.113
2018-03-30 04:06:41 +0800, BME280, 25.129999, 57.585938, 1011.114
2018-03-30 04:07:18 +0800, BME280, 25.139999, 57.575195, 1011.107
2018-03-30 04:08:07 +0800, BME280, 25.139999, 57.596680, 1011.082
2018-03-30 04:08:50 +0800, BME280, 25.139999, 57.585938, 1011.128
2018-03-30 04:09:24 +0800, BME280, 25.139999, 57.585938, 1011.130
2018-03-30 04:10:02 +0800, BME280, 25.139999, 57.596680, 1011.126
2018-03-30 04:11:35 +0800, BME280, 25.150000, 57.598633, 1011.185
2018-03-30 04:13:10 +0800, BME280, 25.150000, 57.553711, 1011.185
2018-03-30 04:13:49 +0800, BME280, 25.150000, 57.564453, 1011.145
2018-03-30 04:14:24 +0800, BME280, 25.139999, 57.563477, 1011.156
2018-03-30 04:14:56 +0800, BME280, 25.150000, 57.563477, 1011.150
2018-03-30 04:15:28 +0800, BME280, 25.139999, 57.585938, 1011.171
2018-03-30 04:16:03 +0800, BME280, 25.139999, 57.552734, 1011.138
2018-03-30 04:16:35 +0800, BME280, 25.150000, 57.541992, 1011.167
2018-03-30 04:17:07 +0800, BME280, 25.150000, 57.563477, 1011.134
2018-03-30 04:17:39 +0800, BME280, 25.150000, 57.564453, 1011.151
2018-03-30 04:18:12 +0800, BME280, 25.150000, 57.541992, 1011.126
2018-03-30 04:18:43 +0800, BME280, 25.139999, 57.552734, 1011.138
2018-03-30 04:19:22 +0800, BME280, 25.139999, 57.541016, 1011.150
2018-03-30 04:19:53 +0800, BME280, 25.139999, 57.575195, 1011.145
2018-03-30 04:20:25 +0800, BME280, 25.129999, 57.573242, 1011.109
2018-03-30 04:20:57 +0800, BME280, 25.150000, 57.497070, 1011.162
2018-03-30 04:21:30 +0800, BME280, 25.139999, 57.585938, 1011.162
2018-03-30 04:22:01 +0800, BME280, 25.150000, 57.564453, 1011.183
2018-03-30 04:22:33 +0800, BME280, 25.150000, 57.576172, 1011.153
2018-03-30 04:23:06 +0800, BME280, 25.139999, 57.575195, 1011.143
2018-03-30 04:25:40 +0800, BME280, 25.150000, 57.563477, 1011.235
2018-03-30 04:26:12 +0800, BME280, 25.139999, 57.563477, 1011.248
2018-03-30 04:26:48 +0800, BME280, 25.139999, 57.541016, 1011.256
2018-03-30 04:27:30 +0800, BME280, 25.139999, 57.518555, 1011.288
2018-03-30 04:28:08 +0800, BME280, 25.129999, 57.541016, 1011.274
2018-03-30 04:28:40 +0800, BME280, 25.129999, 57.552734, 1011.297
2018-03-30 04:29:12 +0800, BME280, 25.129999, 57.573242, 1011.253
2018-03-30 04:29:44 +0800, BME280, 25.139999, 57.541016, 1011.291
2018-03-30 04:30:22 +0800, BME280, 25.139999, 57.518555, 1011.302
2018-03-30 04:30:54 +0800, BME280, 25.139999, 57.507812, 1011.330
2018-03-30 04:31:25 +0800, BME280, 25.150000, 57.441406, 1011.332
2018-03-30 04:31:57 +0800, BME280, 25.150000, 57.518555, 1011.317
2018-03-30 04:32:34 +0800, BME280, 25.150000, 57.508789, 1011.325
2018-03-30 04:33:14 +0800, BME280, 25.139999, 57.518555, 1011.333
2018-03-30 04:33:54 +0800, BME280, 25.150000, 57.507812, 1011.344
2018-03-30 04:34:34 +0800, BME280, 25.139999, 57.507812, 1011.344
2018-03-30 04:36:08 +0800, BME280, 25.150000, 57.508789, 1011.309
2018-03-30 04:36:40 +0800, BME280, 25.150000, 57.508789, 1011.306
2018-03-30 04:37:20 +0800, BME280, 25.139999, 57.530273, 1011.303
2018-03-30 04:37:52 +0800, BME280, 25.139999, 57.507812, 1011.305
2018-03-30 04:38:23 +0800, BME280, 25.139999, 57.518555, 1011.300
2018-03-30 04:38:55 +0800, BME280, 25.150000, 57.541992, 1011.325
2018-03-30 04:39:32 +0800, BME280, 25.150000, 57.541992, 1011.280
2018-03-30 04:40:04 +0800, BME280, 25.150000, 57.518555, 1011.332
2018-03-30 04:40:36 +0800, BME280, 25.150000, 57.507812, 1011.305
2018-03-30 04:41:10 +0800, BME280, 25.150000, 57.531250, 1011.321
2018-03-30 04:41:41 +0800, BME280, 25.150000, 57.498047, 1011.328
2018-03-30 04:43:28 +0800, BME280, 25.139999, 57.497070, 1011.321
2018-03-30 04:44:07 +0800, BME280, 25.139999, 57.507812, 1011.325
2018-03-30 04:44:42 +0800, BME280, 25.139999, 57.518555, 1011.336
2018-03-30 04:45:20 +0800, BME280, 25.150000, 57.518555, 1011.342
2018-03-30 04:45:52 +0800, BME280, 25.120001, 57.494141, 1011.355
2018-03-30 04:46:26 +0800, BME280, 25.150000, 57.507812, 1011.395
2018-03-30 04:46:58 +0800, BME280, 25.120001, 57.539062, 1011.359
2018-03-30 04:47:29 +0800, BME280, 25.139999, 57.530273, 1011.406
2018-03-30 04:48:01 +0800, BME280, 25.139999, 57.497070, 1011.443
2018-03-30 04:48:38 +0800, BME280, 25.139999, 57.474609, 1011.429
2018-03-30 04:49:10 +0800, BME280, 25.139999, 57.497070, 1011.399
2018-03-30 04:49:52 +0800, BME280, 25.139999, 57.485352, 1011.488
2018-03-30 04:50:24 +0800, BME280, 25.139999, 57.497070, 1011.409
2018-03-30 04:50:55 +0800, BME280, 25.139999, 57.485352, 1011.452
2018-03-30 04:51:29 +0800, BME280, 25.129999, 57.473633, 1011.429
2018-03-30 04:52:02 +0800, BME280, 25.139999, 57.452148, 1011.424
2018-03-30 04:52:38 +0800, BME280, 25.139999, 57.462891, 1011.477
2018-03-30 04:53:12 +0800, BME280, 25.139999, 57.497070, 1011.444
2018-03-30 04:53:48 +0800, BME280, 25.139999, 57.429688, 1011.451
2018-03-30 04:54:20 +0800, BME280, 25.129999, 57.429688, 1011.449
2018-03-30 04:54:57 +0800, BME280, 25.150000, 57.453125, 1011.488
2018-03-30 04:55:28 +0800, BME280, 25.150000, 57.419922, 1011.466
2018-03-30 04:56:00 +0800, BME280, 25.160000, 57.420898, 1011.484
2018-03-30 04:56:31 +0800, BME280, 25.150000, 57.419922, 1011.501
2018-03-30 04:57:07 +0800, BME280, 25.150000, 57.375000, 1011.476
2018-03-30 04:57:38 +0800, BME280, 25.160000, 57.376953, 1011.491
2018-03-30 04:59:14 +0800, BME280, 25.180000, 57.334961, 1011.512
2018-03-30 04:59:46 +0800, BME280, 25.160000, 57.253906, 1011.526
2018-03-30 05:00:17 +0800, BME280, 25.160000, 57.097656, 1011.505
2018-03-30 05:00:49 +0800, BME280, 25.160000, 57.120117, 1011.504
2018-03-30 05:01:23 +0800, BME280, 25.150000, 57.051758, 1011.520
2018-03-30 05:01:54 +0800, BME280, 25.150000, 57.041016, 1011.510
2018-03-30 05:02:26 +0800, BME280, 25.139999, 56.961914, 1011.489
2018-03-30 05:02:58 +0800, BME280, 25.129999, 57.038086, 1011.540
2018-03-30 05:03:32 +0800, BME280, 25.120001, 57.037109, 1011.526
2018-03-30 05:04:17 +0800, BME280, 25.120001, 56.936523, 1011.509
2018-03-30 05:04:58 +0800, BME280, 25.100000, 57.001953, 1011.518
2018-03-30 05:05:41 +0800, BME280, 25.100000, 56.967773, 1011.531
2018-03-30 05:06:13 +0800, BME280, 25.110001, 57.001953, 1011.516
2018-03-30 05:06:50 +0800, BME280, 25.100000, 57.011719, 1011.528
2018-03-30 05:07:22 +0800, BME280, 25.030001, 57.047852, 1011.450
2018-03-30 05:07:55 +0800, BME280, 25.090000, 57.022461, 1011.571
2018-03-30 05:08:27 +0800, BME280, 25.090000, 57.034180, 1011.571
2018-03-30 05:08:58 +0800, BME280, 25.090000, 57.067383, 1011.567
2018-03-30 05:09:33 +0800, BME280, 25.090000, 57.044922, 1011.561
2018-03-30 05:10:08 +0800, BME280, 25.070000, 57.064453, 1011.596
2018-03-30 05:10:43 +0800, BME280, 25.090000, 57.044922, 1011.613
2018-03-30 05:11:15 +0800, BME280, 25.100000, 57.067383, 1011.650
2018-03-30 05:11:50 +0800, BME280, 25.100000, 57.022461, 1011.604
2018-03-30 05:12:22 +0800, BME280, 25.090000, 57.014648, 1011.571
2018-03-30 05:12:54 +0800, BME280, 25.120001, 57.037109, 1011.632
2018-03-30 05:13:32 +0800, BME280, 25.120001, 56.948242, 1011.636
2018-03-30 05:14:18 +0800, BME280, 25.120001, 57.037109, 1011.645
2018-03-30 05:15:00 +0800, BME280, 25.120001, 57.048828, 1011.663
2018-03-30 05:15:32 +0800, BME280, 25.120001, 57.037109, 1011.667
2018-03-30 05:16:03 +0800, BME280, 25.129999, 57.038086, 1011.663
2018-03-30 05:16:35 +0800, BME280, 25.129999, 57.004883, 1011.645
2018-03-30 05:17:08 +0800, BME280, 25.129999, 57.027344, 1011.665
2018-03-30 05:17:40 +0800, BME280, 25.129999, 57.038086, 1011.666
2018-03-30 05:18:12 +0800, BME280, 25.129999, 57.049805, 1011.685
2018-03-30 05:18:43 +0800, BME280, 25.129999, 57.094727, 1011.641
2018-03-30 05:19:15 +0800, BME280, 25.129999, 57.083008, 1011.680
2018-03-30 05:19:50 +0800, BME280, 25.129999, 57.083008, 1011.703
2018-03-30 05:20:23 +0800, BME280, 25.129999, 57.127930, 1011.728
2018-03-30 05:20:54 +0800, BME280, 25.139999, 57.139648, 1011.742
2018-03-30 05:21:26 +0800, BME280, 25.129999, 57.151367, 1011.730
2018-03-30 05:22:01 +0800, BME280, 25.150000, 57.141602, 1011.759
2018-03-30 05:22:32 +0800, BME280, 25.139999, 57.118164, 1011.757
2018-03-30 05:23:04 +0800, BME280, 25.139999, 57.173828, 1011.743
2018-03-30 05:23:35 +0800, BME280, 25.150000, 57.119141, 1011.764
2018-03-30 05:24:07 +0800, BME280, 25.160000, 57.165039, 1011.739
2018-03-30 05:24:42 +0800, BME280, 25.190001, 57.091797, 1011.772
2018-03-30 05:25:14 +0800, BME280, 25.200001, 57.193359, 1011.768
2018-03-30 05:25:51 +0800, BME280, 25.209999, 57.170898, 1011.765
2018-03-30 05:26:25 +0800, BME280, 25.230000, 57.117188, 1011.818
2018-03-30 05:27:02 +0800, BME280, 25.230000, 57.139648, 1011.801
2018-03-30 05:27:35 +0800, BME280, 25.219999, 57.149414, 1011.744
2018-03-30 05:28:06 +0800, BME280, 25.230000, 57.162109, 1011.786
2018-03-30 05:28:49 +0800, BME280, 25.219999, 57.161133, 1011.736
2018-03-30 05:29:31 +0800, BME280, 25.219999, 57.182617, 1011.755
2018-03-30 05:30:02 +0800, BME280, 25.209999, 57.214844, 1011.729
2018-03-30 05:30:39 +0800, BME280, 25.200001, 57.237305, 1011.750
2018-03-30 05:31:11 +0800, BME280, 25.200001, 57.327148, 1011.749
2018-03-30 05:31:45 +0800, BME280, 25.209999, 57.337891, 1011.754
2018-03-30 05:32:19 +0800, BME280, 25.200001, 57.360352, 1011.747
2018-03-30 05:32:51 +0800, BME280, 25.190001, 57.370117, 1011.753
2018-03-30 05:33:26 +0800, BME280, 25.190001, 57.357422, 1011.772
2018-03-30 05:33:58 +0800, BME280, 25.190001, 57.336914, 1011.765
2018-03-30 05:34:38 +0800, BME280, 25.190001, 57.392578, 1011.787
2018-03-30 05:35:13 +0800, BME280, 25.190001, 57.391602, 1011.742
2018-03-30 05:35:47 +0800, BME280, 25.200001, 57.392578, 1011.768
2018-03-30 05:36:18 +0800, BME280, 25.200001, 57.382812, 1011.755
2018-03-30 05:38:02 +0800, BME280, 25.219999, 57.372070, 1011.796
2018-03-30 05:38:35 +0800, BME280, 25.230000, 57.352539, 1011.804
2018-03-30 05:39:09 +0800, BME280, 25.219999, 57.384766, 1011.823
2018-03-30 05:41:47 +0800, BME280, 25.230000, 57.531250, 1011.843
2018-03-30 05:42:29 +0800, BME280, 25.240000, 57.531250, 1011.858
2018-03-30 05:43:05 +0800, BME280, 25.240000, 57.554688, 1011.903
2018-03-30 05:43:37 +0800, BME280, 25.240000, 57.609375, 1011.876
2018-03-30 05:44:08 +0800, BME280, 25.240000, 57.610352, 1011.891
2018-03-30 05:44:40 +0800, BME280, 25.240000, 57.687500, 1011.878
2018-03-30 05:45:15 +0800, BME280, 25.240000, 57.776367, 1011.862
2018-03-30 05:45:46 +0800, BME280, 25.240000, 57.708984, 1011.866
2018-03-30 05:46:18 +0800, BME280, 25.250000, 57.689453, 1011.857
2018-03-30 05:46:50 +0800, BME280, 25.250000, 57.700195, 1011.842
2018-03-30 05:47:27 +0800, BME280, 25.250000, 57.700195, 1011.824
2018-03-30 05:49:01 +0800, BME280, 25.250000, 57.666992, 1011.851
2018-03-30 05:49:32 +0800, BME280, 25.250000, 57.734375, 1011.882
2018-03-30 05:50:05 +0800, BME280, 25.250000, 57.812500, 1011.842
2018-03-30 05:50:43 +0800, BME280, 25.250000, 57.855469, 1011.892
2018-03-30 05:51:19 +0800, BME280, 25.250000, 57.833984, 1011.862
2018-03-30 05:51:51 +0800, BME280, 25.250000, 57.833984, 1011.862
2018-03-30 05:52:23 +0800, BME280, 25.260000, 57.856445, 1011.904
2018-03-30 05:52:59 +0800, BME280, 25.250000, 57.912109, 1011.857
2018-03-30 05:53:31 +0800, BME280, 25.260000, 57.890625, 1011.903
2018-03-30 05:54:04 +0800, BME280, 25.260000, 57.879883, 1011.885
2018-03-30 05:55:36 +0800, BME280, 25.260000, 57.835938, 1011.882
2018-03-30 05:56:09 +0800, BME280, 25.270000, 57.803711, 1011.900
2018-03-30 05:56:41 +0800, BME280, 25.260000, 57.801758, 1011.908
2018-03-30 05:57:18 +0800, BME280, 25.270000, 57.781250, 1011.902
2018-03-30 05:57:49 +0800, BME280, 25.280001, 57.771484, 1011.934
2018-03-30 05:58:31 +0800, BME280, 25.280001, 57.749023, 1011.962
2018-03-30 05:59:03 +0800, BME280, 25.280001, 57.715820, 1011.964
2018-03-30 06:01:45 +0800, BME280, 25.280001, 57.715820, 1011.978
2018-03-30 06:02:17 +0800, BME280, 25.270000, 57.658203, 1011.935
2018-03-30 06:02:54 +0800, BME280, 25.280001, 57.659180, 1011.988
2018-03-30 06:03:34 +0800, BME280, 25.280001, 57.637695, 1011.945
2018-03-30 06:04:08 +0800, BME280, 25.299999, 57.617188, 1011.959
2018-03-30 06:04:44 +0800, BME280, 25.309999, 57.606445, 1011.974
2018-03-30 06:05:20 +0800, BME280, 25.299999, 57.628906, 1011.960
2018-03-30 06:05:51 +0800, BME280, 25.299999, 57.617188, 1011.930
2018-03-30 06:06:23 +0800, BME280, 25.299999, 57.617188, 1011.982
2018-03-30 06:07:00 +0800, BME280, 25.299999, 57.606445, 1011.969
2018-03-30 06:07:34 +0800, BME280, 25.309999, 57.607422, 1011.985
2018-03-30 06:09:14 +0800, BME280, 25.320000, 57.552734, 1012.013
2018-03-30 06:09:45 +0800, BME280, 25.320000, 57.565430, 1012.050
2018-03-30 06:10:17 +0800, BME280, 25.309999, 57.561523, 1012.037
2018-03-30 06:10:48 +0800, BME280, 25.309999, 57.607422, 1012.012
2018-03-30 06:11:24 +0800, BME280, 25.320000, 57.608398, 1012.040
2018-03-30 06:12:00 +0800, BME280, 25.320000, 57.586914, 1012.057
2018-03-30 06:12:31 +0800, BME280, 25.309999, 57.561523, 1012.045
2018-03-30 06:13:03 +0800, BME280, 25.309999, 57.550781, 1012.060
2018-03-30 06:13:35 +0800, BME280, 25.320000, 57.564453, 1012.089
2018-03-30 06:14:14 +0800, BME280, 25.309999, 57.541992, 1012.059
2018-03-30 06:14:46 +0800, BME280, 25.320000, 57.552734, 1012.084
2018-03-30 06:15:17 +0800, BME280, 25.299999, 57.528320, 1012.087
2018-03-30 06:15:56 +0800, BME280, 25.330000, 57.509766, 1012.131
2018-03-30 06:16:28 +0800, BME280, 25.330000, 57.498047, 1012.109
2018-03-30 06:17:02 +0800, BME280, 25.330000, 57.476562, 1012.091
2018-03-30 06:17:36 +0800, BME280, 25.340000, 57.477539, 1012.149
2018-03-30 06:18:12 +0800, BME280, 25.320000, 57.463867, 1012.109
2018-03-30 06:18:44 +0800, BME280, 25.330000, 57.477539, 1012.133
2018-03-30 06:19:15 +0800, BME280, 25.340000, 57.443359, 1012.100
2018-03-30 06:19:48 +0800, BME280, 25.340000, 57.445312, 1012.142
2018-03-30 06:21:26 +0800, BME280, 25.350000, 57.389648, 1012.152
2018-03-30 06:22:08 +0800, BME280, 25.350000, 57.400391, 1012.186
2018-03-30 06:22:39 +0800, BME280, 25.350000, 57.389648, 1012.172
2018-03-30 06:23:11 +0800, BME280, 25.350000, 57.389648, 1012.153
2018-03-30 06:23:44 +0800, BME280, 25.360001, 57.369141, 1012.181
2018-03-30 06:24:16 +0800, BME280, 25.330000, 57.376953, 1012.143
2018-03-30 06:24:47 +0800, BME280, 25.360001, 57.368164, 1012.213
2018-03-30 06:25:22 +0800, BME280, 25.360001, 57.368164, 1012.195
2018-03-30 06:26:00 +0800, BME280, 25.370001, 57.325195, 1012.202
2018-03-30 06:26:48 +0800, BME280, 25.360001, 57.346680, 1012.211
2018-03-30 06:27:19 +0800, BME280, 25.350000, 57.377930, 1012.195
2018-03-30 06:27:51 +0800, BME280, 25.360001, 57.368164, 1012.227
2018-03-30 06:28:31 +0800, BME280, 25.370001, 57.380859, 1012.259
2018-03-30 06:29:04 +0800, BME280, 25.360001, 57.368164, 1012.261
2018-03-30 06:29:50 +0800, BME280, 25.360001, 57.378906, 1012.277
2018-03-30 06:30:21 +0800, BME280, 25.360001, 57.358398, 1012.274
2018-03-30 06:31:00 +0800, BME280, 25.370001, 57.335938, 1012.272
2018-03-30 06:31:38 +0800, BME280, 25.379999, 57.370117, 1012.309
2018-03-30 06:32:18 +0800, BME280, 25.370001, 57.346680, 1012.300
2018-03-30 06:32:50 +0800, BME280, 25.370001, 57.335938, 1012.262
2018-03-30 06:33:22 +0800, BME280, 25.389999, 57.304688, 1012.323
2018-03-30 06:33:54 +0800, BME280, 25.389999, 57.272461, 1012.297
2018-03-30 06:34:26 +0800, BME280, 25.389999, 57.305664, 1012.330
2018-03-30 06:34:57 +0800, BME280, 25.389999, 57.261719, 1012.330
2018-03-30 06:35:29 +0800, BME280, 25.389999, 57.282227, 1012.358
2018-03-30 06:36:00 +0800, BME280, 25.400000, 57.250000, 1012.351
2018-03-30 06:36:32 +0800, BME280, 25.410000, 57.197266, 1012.346
2018-03-30 06:37:06 +0800, BME280, 25.410000, 57.197266, 1012.374
2018-03-30 06:37:40 +0800, BME280, 25.410000, 57.230469, 1012.380
2018-03-30 06:38:18 +0800, BME280, 25.410000, 57.230469, 1012.386
2018-03-30 06:38:50 +0800, BME280, 25.389999, 57.229492, 1012.420
2018-03-30 06:39:22 +0800, BME280, 25.400000, 57.284180, 1012.405
2018-03-30 06:39:58 +0800, BME280, 25.389999, 57.317383, 1012.345
2018-03-30 06:40:38 +0800, BME280, 25.400000, 57.294922, 1012.363
2018-03-30 06:41:10 +0800, BME280, 25.400000, 57.273438, 1012.371
2018-03-30 06:41:44 +0800, BME280, 25.410000, 57.286133, 1012.432
2018-03-30 06:42:18 +0800, BME280, 25.400000, 57.272461, 1012.411
2018-03-30 06:42:52 +0800, BME280, 25.400000, 57.261719, 1012.380
2018-03-30 06:43:26 +0800, BME280, 25.410000, 57.275391, 1012.397
2018-03-30 06:43:58 +0800, BME280, 25.420000, 57.230469, 1012.384
2018-03-30 06:44:32 +0800, BME280, 25.410000, 57.218750, 1012.375
2018-03-30 06:45:08 +0800, BME280, 25.420000, 57.185547, 1012.362
2018-03-30 06:45:48 +0800, BME280, 25.430000, 57.186523, 1012.402
2018-03-30 06:46:32 +0800, BME280, 25.420000, 57.198242, 1012.423
2018-03-30 06:47:08 +0800, BME280, 25.430000, 57.208984, 1012.439
2018-03-30 06:47:42 +0800, BME280, 25.420000, 57.231445, 1012.450
2018-03-30 06:48:22 +0800, BME280, 25.420000, 57.242188, 1012.456
2018-03-30 06:48:54 +0800, BME280, 25.420000, 57.231445, 1012.479
2018-03-30 06:49:28 +0800, BME280, 25.420000, 57.242188, 1012.525
2018-03-30 06:50:00 +0800, BME280, 25.430000, 57.244141, 1012.537
2018-03-30 06:50:34 +0800, BME280, 25.430000, 57.232422, 1012.500
2018-03-30 06:51:06 +0800, BME280, 25.360001, 57.202148, 1012.435
2018-03-30 06:51:46 +0800, BME280, 25.440001, 57.234375, 1012.559
2018-03-30 06:52:20 +0800, BME280, 25.430000, 57.221680, 1012.582
2018-03-30 06:52:52 +0800, BME280, 25.440001, 57.234375, 1012.570
2018-03-30 06:53:24 +0800, BME280, 25.440001, 57.177734, 1012.608
2018-03-30 06:54:09 +0800, BME280, 25.450001, 57.157227, 1012.634
2018-03-30 06:54:40 +0800, BME280, 25.440001, 57.189453, 1012.642
2018-03-30 06:55:14 +0800, BME280, 25.440001, 57.189453, 1012.627
2018-03-30 06:55:46 +0800, BME280, 25.440001, 57.200195, 1012.666
2018-03-30 06:56:18 +0800, BME280, 25.450001, 57.190430, 1012.658
2018-03-30 06:56:56 +0800, BME280, 25.450001, 57.166992, 1012.661
2018-03-30 06:57:28 +0800, BME280, 25.450001, 57.167969, 1012.665
2018-03-30 06:58:02 +0800, BME280, 25.450001, 57.158203, 1012.717
2018-03-30 06:58:34 +0800, BME280, 25.459999, 57.168945, 1012.725
2018-03-30 06:59:12 +0800, BME280, 25.430000, 57.154297, 1012.691
2018-03-30 07:00:02 +0800, BME280, 25.459999, 57.135742, 1012.731
2018-03-30 07:00:34 +0800, BME280, 25.459999, 57.147461, 1012.748
2018-03-30 07:01:14 +0800, BME280, 25.459999, 57.125000, 1012.767
2018-03-30 07:01:48 +0800, BME280, 25.459999, 57.158203, 1012.815
2018-03-30 07:02:20 +0800, BME280, 25.469999, 57.125977, 1012.831
2018-03-30 07:02:54 +0800, BME280, 25.480000, 57.093750, 1012.792
2018-03-30 07:03:26 +0800, BME280, 25.469999, 57.126953, 1012.860
2018-03-30 07:04:08 +0800, BME280, 25.469999, 57.136719, 1012.847
2018-03-30 07:05:42 +0800, BME280, 25.480000, 57.138672, 1012.916
2018-03-30 07:06:14 +0800, BME280, 25.469999, 57.148438, 1012.901
2018-03-30 07:06:46 +0800, BME280, 25.480000, 57.116211, 1012.932
2018-03-30 07:07:22 +0800, BME280, 25.480000, 57.139648, 1012.953
2018-03-30 07:07:56 +0800, BME280, 25.490000, 57.106445, 1012.977
2018-03-30 07:08:32 +0800, BME280, 25.490000, 57.106445, 1012.998
2018-03-30 07:09:08 +0800, BME280, 25.480000, 57.117188, 1013.004
2018-03-30 07:09:42 +0800, BME280, 25.480000, 57.160156, 1013.028
2018-03-30 07:10:14 +0800, BME280, 25.490000, 57.172852, 1013.072
2018-03-30 07:10:50 +0800, BME280, 25.480000, 57.149414, 1013.027
2018-03-30 07:11:32 +0800, BME280, 25.480000, 57.162109, 1013.024
2018-03-30 07:13:10 +0800, BME280, 25.500000, 57.073242, 1013.095
2018-03-30 07:13:58 +0800, BME280, 25.510000, 57.119141, 1013.121
2018-03-30 07:14:34 +0800, BME280, 25.500000, 57.107422, 1013.096
2018-03-30 07:15:06 +0800, BME280, 25.500000, 57.073242, 1013.086
2018-03-30 07:15:38 +0800, BME280, 25.500000, 57.118164, 1013.106
2018-03-30 07:17:10 +0800, BME280, 25.500000, 57.075195, 1013.145
2018-03-30 07:17:42 +0800, BME280, 25.510000, 57.075195, 1013.139
2018-03-30 07:18:14 +0800, BME280, 25.510000, 57.008789, 1013.180
2018-03-30 07:18:46 +0800, BME280, 25.520000, 57.031250, 1013.191
2018-03-30 07:19:18 +0800, BME280, 25.510000, 57.052734, 1013.130
2018-03-30 07:19:50 +0800, BME280, 25.510000, 57.053711, 1013.179
2018-03-30 07:20:24 +0800, BME280, 25.520000, 57.031250, 1013.214
2018-03-30 07:21:02 +0800, BME280, 25.520000, 57.031250, 1013.162
2018-03-30 07:21:48 +0800, BME280, 25.520000, 57.042969, 1013.153
2018-03-30 07:22:20 +0800, BME280, 25.530001, 56.988281, 1013.211
2018-03-30 07:22:59 +0800, BME280, 25.530001, 56.988281, 1013.211
2018-03-30 07:23:30 +0800, BME280, 25.520000, 57.076172, 1013.199
2018-03-30 07:24:02 +0800, BME280, 25.530001, 57.021484, 1013.205
2018-03-30 07:24:33 +0800, BME280, 25.530001, 56.988281, 1013.215
2018-03-30 07:25:05 +0800, BME280, 25.520000, 56.999023, 1013.230
2018-03-30 07:25:38 +0800, BME280, 25.530001, 56.978516, 1013.229
2018-03-30 07:26:10 +0800, BME280, 25.530001, 56.900391, 1013.222
2018-03-30 07:26:42 +0800, BME280, 25.510000, 56.975586, 1013.222
2018-03-30 07:27:26 +0800, BME280, 25.530001, 56.999023, 1013.260
2018-03-30 07:28:02 +0800, BME280, 25.530001, 57.032227, 1013.291
2018-03-30 07:28:34 +0800, BME280, 25.530001, 57.032227, 1013.232
2018-03-30 07:29:12 +0800, BME280, 25.520000, 57.021484, 1013.246
2018-03-30 07:29:52 +0800, BME280, 25.530001, 57.032227, 1013.255
2018-03-30 07:30:26 +0800, BME280, 25.530001, 57.032227, 1013.247
2018-03-30 07:31:00 +0800, BME280, 25.559999, 56.958008, 1013.273
2018-03-30 07:31:32 +0800, BME280, 25.620001, 57.222656, 1013.263
2018-03-30 07:32:06 +0800, BME280, 25.650000, 57.249023, 1013.310
2018-03-30 07:32:50 +0800, BME280, 25.660000, 57.194336, 1013.276
2018-03-30 07:34:26 +0800, BME280, 25.510000, 57.197266, 1013.341
2018-03-30 07:35:12 +0800, BME280, 25.450001, 57.524414, 1013.353
2018-03-30 07:35:56 +0800, BME280, 25.360001, 57.904297, 1013.344
2018-03-30 07:36:34 +0800, BME280, 25.309999, 58.109375, 1013.419
2018-03-30 07:37:12 +0800, BME280, 25.270000, 58.206055, 1013.413
2018-03-30 07:37:44 +0800, BME280, 25.240000, 58.132812, 1013.400
2018-03-30 07:38:16 +0800, BME280, 25.209999, 58.140625, 1013.430
2018-03-30 07:38:50 +0800, BME280, 25.170000, 58.145508, 1013.421
2018-03-30 07:39:22 +0800, BME280, 25.120001, 58.241211, 1013.459
2018-03-30 07:39:54 +0800, BME280, 25.090000, 58.304688, 1013.424
2018-03-30 07:40:26 +0800, BME280, 25.090000, 58.347656, 1013.504
2018-03-30 07:41:06 +0800, BME280, 25.059999, 58.411133, 1013.489
2018-03-30 07:41:38 +0800, BME280, 25.030001, 58.452148, 1013.493
2018-03-30 07:42:12 +0800, BME280, 24.969999, 58.487305, 1013.483
2018-03-30 07:43:48 +0800, BME280, 24.889999, 58.544922, 1013.524
2018-03-30 07:44:27 +0800, BME280, 24.860001, 58.498047, 1013.531
2018-03-30 07:45:13 +0800, BME280, 24.830000, 58.549805, 1013.499
2018-03-30 07:45:46 +0800, BME280, 24.790001, 58.643555, 1013.542
2018-03-30 07:46:40 +0800, BME280, 24.740000, 58.736328, 1013.531
2018-03-30 07:47:12 +0800, BME280, 24.750000, 58.605469, 1013.581
2018-03-30 07:47:49 +0800, BME280, 24.770000, 58.518555, 1013.591
2018-03-30 07:48:24 +0800, BME280, 24.740000, 58.469727, 1013.586
2018-03-30 07:48:56 +0800, BME280, 24.730000, 58.457031, 1013.587
2018-03-30 07:49:30 +0800, BME280, 24.680000, 58.595703, 1013.536
2018-03-30 07:51:03 +0800, BME280, 24.650000, 58.591797, 1013.620
2018-03-30 07:51:37 +0800, BME280, 24.639999, 58.623047, 1013.591
2018-03-30 07:52:08 +0800, BME280, 24.610001, 58.563477, 1013.569
2018-03-30 07:52:41 +0800, BME280, 24.590000, 58.640625, 1013.608
2018-03-30 07:54:14 +0800, BME280, 24.570000, 58.581055, 1013.632
2018-03-30 07:54:45 +0800, BME280, 24.530001, 58.621094, 1013.584
2018-03-30 07:55:21 +0800, BME280, 24.540001, 58.599609, 1013.606
2018-03-30 07:55:57 +0800, BME280, 24.530001, 58.532227, 1013.612
2018-03-30 07:56:29 +0800, BME280, 24.520000, 58.552734, 1013.625
2018-03-30 07:57:03 +0800, BME280, 24.510000, 58.562500, 1013.616
2018-03-30 07:57:47 +0800, BME280, 24.490000, 58.561523, 1013.636
2018-03-30 07:58:19 +0800, BME280, 24.469999, 58.590820, 1013.666
2018-03-30 07:58:53 +0800, BME280, 24.450001, 58.611328, 1013.669
2018-03-30 07:59:25 +0800, BME280, 24.450001, 58.588867, 1013.711
2018-03-30 07:59:57 +0800, BME280, 24.440001, 58.597656, 1013.691
2018-03-30 08:00:33 +0800, BME280, 24.420000, 58.594727, 1013.698
2018-03-30 08:01:04 +0800, BME280, 24.410000, 58.604492, 1013.696
2018-03-30 08:01:36 +0800, BME280, 24.400000, 58.583008, 1013.718
2018-03-30 08:02:15 +0800, BME280, 24.389999, 58.591797, 1013.726
2018-03-30 08:02:47 +0800, BME280, 24.379999, 58.557617, 1013.691
2018-03-30 08:03:31 +0800, BME280, 24.379999, 58.557617, 1013.731
2018-03-30 08:04:02 +0800, BME280, 24.370001, 58.523438, 1013.708
2018-03-30 08:04:37 +0800, BME280, 24.370001, 58.478516, 1013.695
2018-03-30 08:05:17 +0800, BME280, 24.370001, 58.467773, 1013.721
2018-03-30 08:05:54 +0800, BME280, 24.370001, 58.444336, 1013.745
2018-03-30 08:06:25 +0800, BME280, 24.370001, 58.432617, 1013.713
2018-03-30 08:06:58 +0800, BME280, 24.360001, 58.409180, 1013.746
2018-03-30 08:07:29 +0800, BME280, 24.350000, 58.352539, 1013.741
2018-03-30 08:08:06 +0800, BME280, 24.340000, 58.396484, 1013.767
2018-03-30 08:08:48 +0800, BME280, 24.330000, 58.406250, 1013.780
2018-03-30 08:09:24 +0800, BME280, 24.299999, 58.445312, 1013.734
2018-03-30 08:09:58 +0800, BME280, 24.320000, 58.471680, 1013.799
2018-03-30 08:10:38 +0800, BME280, 24.350000, 58.362305, 1013.795
2018-03-30 08:11:09 +0800, BME280, 24.340000, 58.329102, 1013.807
2018-03-30 08:12:46 +0800, BME280, 24.309999, 58.325195, 1013.807
2018-03-30 08:13:22 +0800, BME280, 24.309999, 58.314453, 1013.820
2018-03-30 08:13:54 +0800, BME280, 24.280001, 58.344727, 1013.845
2018-03-30 08:14:28 +0800, BME280, 24.270000, 58.386719, 1013.821
2018-03-30 08:15:02 +0800, BME280, 24.260000, 58.417969, 1013.845
2018-03-30 08:15:36 +0800, BME280, 24.240000, 58.428711, 1013.866
2018-03-30 08:16:10 +0800, BME280, 24.250000, 58.394531, 1013.890
2018-03-30 08:16:42 +0800, BME280, 24.219999, 58.415039, 1013.862
2018-03-30 08:18:24 +0800, BME280, 24.180000, 58.531250, 1013.875
2018-03-30 08:18:56 +0800, BME280, 24.170000, 58.531250, 1013.912
2018-03-30 08:19:28 +0800, BME280, 24.139999, 58.602539, 1013.888
2018-03-30 08:20:03 +0800, BME280, 24.139999, 58.602539, 1013.921
2018-03-30 08:20:35 +0800, BME280, 24.129999, 58.634766, 1013.932
2018-03-30 08:21:07 +0800, BME280, 24.129999, 58.601562, 1013.979
2018-03-30 08:21:39 +0800, BME280, 24.110001, 58.632812, 1013.966
2018-03-30 08:22:12 +0800, BME280, 24.120001, 58.588867, 1013.980
2018-03-30 08:23:07 +0800, BME280, 24.070000, 58.750000, 1013.993
2018-03-30 08:23:41 +0800, BME280, 24.040001, 58.801758, 1014.028
2018-03-30 08:24:13 +0800, BME280, 24.030001, 58.791016, 1014.039
2018-03-30 08:24:48 +0800, BME280, 24.040001, 58.768555, 1014.006
2018-03-30 08:25:24 +0800, BME280, 24.040001, 58.735352, 1014.028
2018-03-30 08:25:58 +0800, BME280, 24.070000, 58.671875, 1014.053
2018-03-30 08:27:34 +0800, BME280, 24.059999, 58.671875, 1014.057
2018-03-30 08:28:11 +0800, BME280, 24.059999, 58.592773, 1014.086
2018-03-30 08:28:44 +0800, BME280, 24.010000, 58.665039, 1014.060
2018-03-30 08:29:17 +0800, BME280, 24.049999, 58.647461, 1014.121
2018-03-30 08:29:53 +0800, BME280, 24.040001, 58.646484, 1014.146
2018-03-30 08:30:25 +0800, BME280, 24.010000, 58.721680, 1014.141
2018-03-30 08:31:05 +0800, BME280, 23.959999, 58.825195, 1014.119
2018-03-30 08:31:47 +0800, BME280, 23.969999, 58.835938, 1014.130
2018-03-30 08:33:21 +0800, BME280, 23.950001, 58.933594, 1014.154
2018-03-30 08:33:53 +0800, BME280, 23.940001, 58.899414, 1014.194
2018-03-30 08:34:37 +0800, BME280, 23.950001, 58.933594, 1014.238
2018-03-30 08:35:11 +0800, BME280, 23.980000, 58.792969, 1014.282
2018-03-30 08:35:46 +0800, BME280, 23.950001, 58.867188, 1014.290
2018-03-30 08:36:18 +0800, BME280, 23.930000, 58.919922, 1014.300
2018-03-30 08:36:52 +0800, BME280, 23.910000, 58.930664, 1014.321
2018-03-30 08:37:24 +0800, BME280, 23.900000, 59.127930, 1014.302
2018-03-30 08:38:07 +0800, BME280, 23.860001, 59.078125, 1014.296
2018-03-30 08:38:39 +0800, BME280, 23.900000, 59.039062, 1014.367
2018-03-30 08:39:12 +0800, BME280, 23.910000, 59.017578, 1014.383
2018-03-30 08:39:44 +0800, BME280, 23.930000, 59.031250, 1014.406
2018-03-30 08:40:16 +0800, BME280, 23.920000, 58.952148, 1014.445
2018-03-30 08:40:49 +0800, BME280, 23.920000, 58.963867, 1014.447
2018-03-30 08:41:21 +0800, BME280, 23.889999, 58.968750, 1014.444
2018-03-30 08:42:06 +0800, BME280, 23.910000, 58.928711, 1014.503
2018-03-30 08:42:45 +0800, BME280, 23.879999, 58.958984, 1014.510
2018-03-30 08:43:19 +0800, BME280, 23.900000, 58.938477, 1014.566
2018-03-30 08:43:53 +0800, BME280, 23.879999, 58.924805, 1014.572
2018-03-30 08:46:29 +0800, BME280, 23.870001, 58.946289, 1014.613
2018-03-30 08:47:12 +0800, BME280, 23.860001, 58.922852, 1014.585
2018-03-30 08:47:44 +0800, BME280, 23.840000, 58.952148, 1014.628
2018-03-30 08:48:16 +0800, BME280, 23.850000, 58.921875, 1014.663
2018-03-30 08:48:51 +0800, BME280, 23.830000, 58.930664, 1014.619
2018-03-30 08:52:39 +0800, BME280, 23.809999, 59.016602, 1014.638
2018-03-30 08:53:13 +0800, BME280, 23.809999, 59.015625, 1014.642
2018-03-30 08:53:48 +0800, BME280, 23.799999, 59.015625, 1014.626
2018-03-30 08:54:26 +0800, BME280, 23.790001, 59.035156, 1014.672
2018-03-30 08:55:00 +0800, BME280, 23.790001, 59.068359, 1014.667
2018-03-30 08:55:47 +0800, BME280, 23.780001, 59.045898, 1014.654
2018-03-30 08:56:21 +0800, BME280, 23.770000, 59.121094, 1014.721
2018-03-30 08:56:53 +0800, BME280, 23.809999, 59.039062, 1014.717
2018-03-30 08:57:25 +0800, BME280, 23.950001, 58.623047, 1014.711
2018-03-30 08:57:59 +0800, BME280, 23.879999, 58.791992, 1014.701
2018-03-30 08:58:32 +0800, BME280, 23.879999, 58.825195, 1014.712
2018-03-30 08:59:03 +0800, BME280, 23.850000, 58.889648, 1014.700
2018-03-30 08:59:35 +0800, BME280, 23.850000, 58.933594, 1014.743
2018-03-30 09:00:06 +0800, BME280, 23.830000, 59.007812, 1014.740
2018-03-30 09:00:40 +0800, BME280, 23.820000, 59.040039, 1014.787
2018-03-30 09:01:16 +0800, BME280, 23.799999, 59.125000, 1014.793
2018-03-30 09:02:06 +0800, BME280, 23.790001, 59.167969, 1014.772
2018-03-30 09:02:38 +0800, BME280, 23.780001, 59.211914, 1014.874
2018-03-30 09:03:19 +0800, BME280, 23.730000, 59.277344, 1014.857
2018-03-30 09:03:50 +0800, BME280, 23.760000, 59.275391, 1014.869
2018-03-30 09:04:24 +0800, BME280, 23.760000, 59.288086, 1014.895
2018-03-30 09:04:56 +0800, BME280, 23.780001, 59.245117, 1014.918
2018-03-30 09:05:30 +0800, BME280, 23.790001, 59.256836, 1014.931
2018-03-30 09:06:02 +0800, BME280, 23.780001, 59.279297, 1014.937
2018-03-30 09:06:45 +0800, BME280, 23.780001, 59.267578, 1014.867
2018-03-30 09:07:18 +0800, BME280, 23.790001, 59.246094, 1014.882
2018-03-30 09:07:50 +0800, BME280, 23.790001, 59.212891, 1014.840
2018-03-30 09:08:30 +0800, BME280, 23.799999, 59.258789, 1014.887
2018-03-30 09:09:02 +0800, BME280, 23.799999, 59.259766, 1014.930
2018-03-30 09:09:37 +0800, BME280, 23.809999, 59.249023, 1014.938
2018-03-30 09:10:13 +0800, BME280, 23.790001, 59.246094, 1014.899
2018-03-30 09:10:45 +0800, BME280, 23.790001, 59.291016, 1014.914
2018-03-30 09:11:16 +0800, BME280, 23.780001, 59.311523, 1014.953
2018-03-30 09:11:48 +0800, BME280, 23.770000, 59.279297, 1014.950
2018-03-30 09:12:20 +0800, BME280, 23.780001, 59.300781, 1014.982
2018-03-30 09:12:56 +0800, BME280, 23.770000, 59.332031, 1014.967
2018-03-30 09:13:32 +0800, BME280, 23.760000, 59.397461, 1015.029
2018-03-30 09:14:15 +0800, BME280, 23.760000, 59.376953, 1014.998
2018-03-30 09:14:49 +0800, BME280, 23.760000, 59.410156, 1015.045
2018-03-30 09:15:27 +0800, BME280, 23.760000, 59.387695, 1015.089
2018-03-30 09:16:01 +0800, BME280, 23.770000, 59.332031, 1015.081
2018-03-30 09:16:46 +0800, BME280, 23.770000, 59.332031, 1015.062
2018-03-30 09:17:20 +0800, BME280, 23.760000, 59.386719, 1015.094
2018-03-30 09:17:52 +0800, BME280, 23.760000, 59.431641, 1015.145
2018-03-30 09:18:28 +0800, BME280, 23.750000, 59.418945, 1015.146
2018-03-30 09:18:59 +0800, BME280, 23.750000, 59.408203, 1015.135
2018-03-30 09:19:31 +0800, BME280, 23.750000, 59.428711, 1015.156
2018-03-30 09:20:06 +0800, BME280, 23.740000, 59.473633, 1015.152
2018-03-30 09:21:42 +0800, BME280, 23.740000, 59.439453, 1015.193
2018-03-30 09:22:14 +0800, BME280, 23.750000, 59.451172, 1015.192
2018-03-30 09:23:09 +0800, BME280, 23.740000, 59.451172, 1015.215
2018-03-30 09:23:41 +0800, BME280, 23.719999, 59.437500, 1015.191
2018-03-30 09:24:18 +0800, BME280, 23.740000, 59.395508, 1015.213
2018-03-30 09:25:00 +0800, BME280, 23.740000, 59.406250, 1015.279
2018-03-30 09:28:36 +0800, BME280, 23.700001, 59.579102, 1015.294
2018-03-30 09:29:28 +0800, BME280, 23.709999, 59.569336, 1015.261
2018-03-30 09:30:00 +0800, BME280, 23.700001, 59.579102, 1015.325
2018-03-30 09:30:36 +0800, BME280, 23.700001, 59.579102, 1015.303
2018-03-30 09:31:08 +0800, BME280, 23.719999, 59.548828, 1015.275
2018-03-30 09:31:39 +0800, BME280, 23.709999, 59.536133, 1015.279
2018-03-30 09:32:13 +0800, BME280, 23.700001, 59.579102, 1015.272
2018-03-30 09:32:44 +0800, BME280, 23.700001, 59.624023, 1015.244
2018-03-30 09:33:16 +0800, BME280, 23.680000, 59.654297, 1015.244
2018-03-30 09:33:49 +0800, BME280, 23.700001, 59.690430, 1015.255
2018-03-30 09:34:21 +0800, BME280, 23.690001, 59.657227, 1015.213
2018-03-30 09:34:52 +0800, BME280, 23.690001, 59.700195, 1015.247
2018-03-30 09:37:32 +0800, BME280, 23.690001, 59.720703, 1015.169
2018-03-30 09:38:04 +0800, BME280, 23.660000, 59.741211, 1015.168
2018-03-30 09:38:48 +0800, BME280, 23.660000, 59.850586, 1015.186
2018-03-30 09:39:29 +0800, BME280, 23.660000, 59.851562, 1015.199
2018-03-30 09:40:01 +0800, BME280, 23.650000, 59.916992, 1015.194
2018-03-30 09:40:42 +0800, BME280, 23.650000, 59.972656, 1015.180
2018-03-30 09:41:14 +0800, BME280, 23.660000, 59.961914, 1015.173
2018-03-30 09:41:49 +0800, BME280, 23.680000, 59.931641, 1015.162
2018-03-30 09:42:22 +0800, BME280, 23.680000, 59.963867, 1015.190
2018-03-30 09:43:56 +0800, BME280, 23.709999, 59.858398, 1015.197
2018-03-30 09:44:28 +0800, BME280, 23.690001, 59.854492, 1015.189
2018-03-30 09:45:01 +0800, BME280, 23.700001, 59.834961, 1015.213
2018-03-30 09:45:33 +0800, BME280, 23.700001, 59.878906, 1015.197
2018-03-30 09:46:04 +0800, BME280, 23.680000, 59.886719, 1015.163
2018-03-30 09:46:36 +0800, BME280, 23.660000, 59.941406, 1015.212
2018-03-30 09:47:08 +0800, BME280, 23.650000, 60.028320, 1015.205
2018-03-30 09:47:40 +0800, BME280, 23.629999, 60.057617, 1015.188
2018-03-30 09:48:19 +0800, BME280, 23.660000, 60.029297, 1015.213
2018-03-30 09:48:57 +0800, BME280, 23.670000, 59.995117, 1015.173
2018-03-30 09:49:38 +0800, BME280, 23.650000, 60.039062, 1015.158
2018-03-30 09:50:10 +0800, BME280, 23.650000, 59.972656, 1015.165
2018-03-30 09:50:41 +0800, BME280, 23.650000, 59.950195, 1015.175
2018-03-30 09:51:13 +0800, BME280, 23.650000, 60.028320, 1015.204
2018-03-30 09:51:54 +0800, BME280, 23.650000, 60.061523, 1015.169
2018-03-30 09:52:30 +0800, BME280, 23.660000, 60.018555, 1015.192
2018-03-30 09:53:10 +0800, BME280, 23.650000, 60.005859, 1015.180
2018-03-30 09:53:42 +0800, BME280, 23.620001, 60.080078, 1015.145
2018-03-30 09:54:14 +0800, BME280, 23.629999, 60.081055, 1015.164
2018-03-30 09:54:46 +0800, BME280, 23.629999, 60.146484, 1015.217
2018-03-30 09:55:19 +0800, BME280, 23.620001, 60.178711, 1015.158
2018-03-30 09:55:50 +0800, BME280, 23.610001, 60.254883, 1015.168
2018-03-30 09:56:25 +0800, BME280, 23.610001, 60.232422, 1015.149
2018-03-30 09:56:56 +0800, BME280, 23.620001, 60.201172, 1015.138
2018-03-30 09:57:28 +0800, BME280, 23.620001, 60.234375, 1015.159
2018-03-30 09:58:01 +0800, BME280, 23.629999, 60.202148, 1015.178
2018-03-30 09:58:39 +0800, BME280, 23.660000, 60.107422, 1015.169
2018-03-30 09:59:11 +0800, BME280, 23.709999, 59.991211, 1015.155
2018-03-30 10:00:00 +0800, BME280, 23.700001, 60.079102, 1015.193
2018-03-30 10:00:32 +0800, BME280, 23.700001, 59.957031, 1015.231
2018-03-30 10:01:07 +0800, BME280, 23.650000, 60.061523, 1015.180
2018-03-30 10:01:39 +0800, BME280, 23.660000, 60.084961, 1015.213
2018-03-30 10:03:16 +0800, BME280, 23.700001, 59.990234, 1015.155
2018-03-30 10:03:48 +0800, BME280, 23.680000, 59.987305, 1015.161
2018-03-30 10:04:21 +0800, BME280, 23.750000, 59.863281, 1015.174
2018-03-30 10:04:57 +0800, BME280, 23.700001, 60.012695, 1015.142
2018-03-30 10:05:29 +0800, BME280, 23.700001, 60.045898, 1015.147
2018-03-30 10:06:00 +0800, BME280, 23.680000, 60.041992, 1015.154
2018-03-30 10:06:33 +0800, BME280, 23.670000, 60.085938, 1015.175
2018-03-30 10:07:08 +0800, BME280, 23.610001, 60.122070, 1015.112
2018-03-30 10:07:44 +0800, BME280, 23.650000, 60.183594, 1015.166
2018-03-30 10:08:15 +0800, BME280, 23.650000, 60.206055, 1015.170
2018-03-30 10:08:47 +0800, BME280, 23.650000, 60.239258, 1015.139
2018-03-30 10:09:18 +0800, BME280, 23.629999, 60.268555, 1015.141
2018-03-30 10:09:58 +0800, BME280, 23.629999, 60.291016, 1015.129
2018-03-30 10:11:35 +0800, BME280, 23.639999, 60.337891, 1015.181
2018-03-30 10:12:11 +0800, BME280, 23.639999, 60.370117, 1015.117
2018-03-30 10:12:44 +0800, BME280, 23.620001, 60.466797, 1015.134
2018-03-30 10:13:30 +0800, BME280, 23.620001, 60.433594, 1015.094
2018-03-30 10:14:05 +0800, BME280, 23.639999, 60.436523, 1015.127
2018-03-30 10:14:36 +0800, BME280, 23.610001, 60.499023, 1015.130
2018-03-30 10:16:09 +0800, BME280, 23.600000, 60.531250, 1015.100
2018-03-30 10:16:41 +0800, BME280, 23.620001, 60.457031, 1015.115
2018-03-30 10:17:13 +0800, BME280, 23.620001, 60.445312, 1015.099
2018-03-30 10:17:46 +0800, BME280, 23.610001, 60.488281, 1015.083
2018-03-30 10:18:17 +0800, BME280, 23.620001, 60.435547, 1015.052
2018-03-30 10:18:49 +0800, BME280, 23.620001, 60.466797, 1015.033
2018-03-30 10:19:20 +0800, BME280, 23.629999, 60.436523, 1015.060
2018-03-30 10:19:52 +0800, BME280, 23.620001, 60.457031, 1015.058
2018-03-30 10:20:24 +0800, BME280, 23.639999, 60.447266, 1015.079
2018-03-30 10:21:02 +0800, BME280, 23.620001, 60.522461, 1015.076
2018-03-30 10:21:34 +0800, BME280, 23.620001, 60.435547, 1015.020
2018-03-30 10:22:17 +0800, BME280, 23.650000, 60.394531, 1015.027
2018-03-30 10:22:51 +0800, BME280, 23.620001, 60.501953, 1015.034
2018-03-30 10:23:23 +0800, BME280, 23.610001, 60.534180, 1015.038
2018-03-30 10:30:20 +0800, BME280, 23.790001, 59.979492, 1014.890
2018-03-30 10:30:54 +0800, BME280, 23.740000, 60.094727, 1014.869
2018-03-30 10:31:29 +0800, BME280, 23.740000, 60.161133, 1014.906
2018-03-30 10:32:07 +0800, BME280, 23.730000, 60.126953, 1014.896
2018-03-30 10:32:54 +0800, BME280, 23.719999, 60.225586, 1014.898
2018-03-30 10:33:29 +0800, BME280, 23.650000, 60.361328, 1014.863
2018-03-30 10:34:01 +0800, BME280, 23.639999, 60.347656, 1014.821
2018-03-30 10:34:32 +0800, BME280, 23.650000, 60.405273, 1014.892
2018-03-30 10:35:04 +0800, BME280, 23.650000, 60.361328, 1014.860
2018-03-30 10:35:35 +0800, BME280, 23.650000, 60.372070, 1014.842
2018-03-30 10:36:07 +0800, BME280, 23.650000, 60.427734, 1014.864
2018-03-30 10:36:46 +0800, BME280, 23.639999, 60.414062, 1014.836
2018-03-30 10:37:19 +0800, BME280, 23.639999, 60.469727, 1014.803
2018-03-30 10:38:00 +0800, BME280, 23.620001, 60.478516, 1014.790
2018-03-30 10:38:36 +0800, BME280, 23.629999, 60.469727, 1014.803
2018-03-30 10:39:10 +0800, BME280, 23.650000, 60.450195, 1014.794
2018-03-30 10:39:42 +0800, BME280, 23.650000, 60.316406, 1014.781
2018-03-30 10:40:14 +0800, BME280, 23.690001, 60.266602, 1014.779
2018-03-30 10:40:46 +0800, BME280, 23.690001, 60.211914, 1014.758
2018-03-30 10:41:18 +0800, BME280, 23.719999, 60.225586, 1014.754
2018-03-30 10:41:51 +0800, BME280, 23.719999, 60.203125, 1014.779
2018-03-30 10:46:00 +0800, BME280, 23.660000, 60.407227, 1014.735
2018-03-30 10:46:37 +0800, BME280, 23.650000, 60.394531, 1014.652
2018-03-30 10:47:09 +0800, BME280, 23.639999, 60.459961, 1014.607
2018-03-30 10:47:40 +0800, BME280, 23.639999, 60.459961, 1014.601
2018-03-30 10:48:12 +0800, BME280, 23.650000, 60.416992, 1014.598
2018-03-30 10:48:43 +0800, BME280, 23.639999, 60.480469, 1014.591
2018-03-30 10:49:27 +0800, BME280, 23.639999, 60.469727, 1014.570
2018-03-30 10:50:01 +0800, BME280, 23.660000, 60.427734, 1014.634
2018-03-30 10:51:35 +0800, BME280, 23.620001, 60.522461, 1014.580
2018-03-30 10:52:26 +0800, BME280, 23.620001, 60.588867, 1014.556
2018-03-30 10:53:00 +0800, BME280, 23.629999, 60.523438, 1014.538
2018-03-30 10:53:42 +0800, BME280, 23.629999, 60.490234, 1014.582
2018-03-30 10:54:20 +0800, BME280, 23.620001, 60.568359, 1014.520
2018-03-30 10:54:52 +0800, BME280, 23.629999, 60.568359, 1014.524
2018-03-30 10:55:24 +0800, BME280, 23.629999, 60.547852, 1014.514
2018-03-30 10:55:58 +0800, BME280, 23.629999, 60.512695, 1014.511
2018-03-30 10:56:30 +0800, BME280, 23.610001, 60.577148, 1014.500
2018-03-30 10:57:02 +0800, BME280, 23.600000, 60.598633, 1014.454
2018-03-30 10:57:51 +0800, BME280, 23.620001, 60.578125, 1014.449
2018-03-30 10:58:23 +0800, BME280, 23.620001, 60.522461, 1014.417
2018-03-30 10:59:03 +0800, BME280, 23.620001, 60.535156, 1014.448
2018-03-30 10:59:35 +0800, BME280, 23.629999, 60.523438, 1014.453
2018-03-30 11:00:07 +0800, BME280, 23.620001, 60.535156, 1014.400
2018-03-30 11:00:43 +0800, BME280, 23.610001, 60.577148, 1014.410
2018-03-30 11:01:18 +0800, BME280, 23.610001, 60.554688, 1014.384
2018-03-30 11:01:49 +0800, BME280, 23.629999, 60.579102, 1014.358
2018-03-30 11:02:28 +0800, BME280, 23.590000, 60.551758, 1014.277
2018-03-30 11:03:00 +0800, BME280, 23.620001, 60.590820, 1014.336
2018-03-30 11:03:32 +0800, BME280, 23.600000, 60.642578, 1014.316
2018-03-30 11:04:10 +0800, BME280, 23.610001, 60.666016, 1014.318
2018-03-30 11:04:48 +0800, BME280, 23.629999, 60.645508, 1014.338
2018-03-30 11:05:21 +0800, BME280, 23.620001, 60.557617, 1014.329
2018-03-30 11:05:52 +0800, BME280, 23.600000, 60.742188, 1014.320
2018-03-30 11:08:27 +0800, BME280, 23.629999, 60.690430, 1014.278
2018-03-30 11:09:05 +0800, BME280, 23.620001, 60.690430, 1014.288
2018-03-30 11:09:50 +0800, BME280, 23.610001, 60.654297, 1014.303
2018-03-30 11:10:32 +0800, BME280, 23.610001, 60.689453, 1014.329
2018-03-30 11:11:04 +0800, BME280, 23.600000, 60.754883, 1014.297
2018-03-30 11:11:37 +0800, BME280, 23.580000, 60.805664, 1014.369
2018-03-30 11:12:17 +0800, BME280, 23.580000, 60.794922, 1014.327
2018-03-30 11:12:48 +0800, BME280, 23.570000, 60.850586, 1014.385
2018-03-30 11:13:21 +0800, BME280, 23.570000, 60.880859, 1014.380
2018-03-30 11:13:56 +0800, BME280, 23.559999, 60.859375, 1014.407
2018-03-30 11:14:28 +0800, BME280, 23.570000, 60.882812, 1014.356
2018-03-30 11:15:02 +0800, BME280, 23.570000, 60.849609, 1014.348
2018-03-30 11:15:33 +0800, BME280, 23.570000, 60.916016, 1014.377
2018-03-30 11:16:10 +0800, BME280, 23.570000, 60.861328, 1014.379
2018-03-30 11:16:41 +0800, BME280, 23.559999, 60.880859, 1014.382
2018-03-30 11:17:16 +0800, BME280, 23.559999, 60.914062, 1014.370
2018-03-30 11:17:57 +0800, BME280, 23.570000, 60.959961, 1014.366
2018-03-30 11:18:28 +0800, BME280, 23.559999, 60.903320, 1014.324
2018-03-30 11:19:05 +0800, BME280, 23.559999, 60.936523, 1014.328
2018-03-30 11:19:42 +0800, BME280, 23.570000, 60.870117, 1014.353
2018-03-30 11:20:14 +0800, BME280, 23.559999, 60.925781, 1014.337
2018-03-30 11:20:46 +0800, BME280, 23.559999, 60.936523, 1014.253
2018-03-30 11:21:18 +0800, BME280, 23.559999, 60.880859, 1014.270
2018-03-30 11:21:59 +0800, BME280, 23.570000, 60.870117, 1014.239
2018-03-30 11:22:31 +0800, BME280, 23.590000, 60.874023, 1014.239
2018-03-30 11:23:02 +0800, BME280, 23.610001, 60.843750, 1014.261
2018-03-30 11:23:34 +0800, BME280, 23.620001, 60.822266, 1014.277
2018-03-30 11:24:15 +0800, BME280, 23.600000, 60.786133, 1014.311
2018-03-30 11:24:51 +0800, BME280, 23.600000, 60.910156, 1014.280
2018-03-30 11:25:26 +0800, BME280, 23.610001, 60.865234, 1014.290
2018-03-30 11:25:58 +0800, BME280, 23.610001, 60.821289, 1014.286
2018-03-30 11:26:35 +0800, BME280, 23.590000, 60.863281, 1014.226
2018-03-30 11:28:09 +0800, BME280, 23.629999, 60.812500, 1014.272
2018-03-30 11:28:41 +0800, BME280, 23.620001, 60.811523, 1014.215
2018-03-30 11:29:13 +0800, BME280, 23.620001, 60.923828, 1014.282
2018-03-30 11:29:45 +0800, BME280, 23.610001, 60.855469, 1014.264
2018-03-30 11:30:16 +0800, BME280, 23.620001, 60.855469, 1014.278
2018-03-30 11:30:50 +0800, BME280, 23.610001, 60.900391, 1014.247
2018-03-30 11:31:26 +0800, BME280, 23.600000, 60.854492, 1014.254
2018-03-30 11:32:07 +0800, BME280, 23.600000, 60.897461, 1014.245
2018-03-30 11:32:47 +0800, BME280, 23.590000, 60.929688, 1014.250
2018-03-30 11:33:19 +0800, BME280, 23.580000, 60.896484, 1014.256
2018-03-30 11:36:55 +0800, BME280, 23.580000, 60.883789, 1014.250
2018-03-30 11:37:39 +0800, BME280, 23.570000, 61.004883, 1014.225
2018-03-30 11:38:10 +0800, BME280, 23.559999, 61.002930, 1014.247
2018-03-30 11:38:42 +0800, BME280, 23.559999, 60.958984, 1014.201
2018-03-30 11:39:23 +0800, BME280, 23.570000, 61.026367, 1014.226
2018-03-30 11:39:57 +0800, BME280, 23.559999, 61.002930, 1014.194
2018-03-30 11:40:33 +0800, BME280, 23.580000, 61.016602, 1014.212
2018-03-30 11:41:05 +0800, BME280, 23.570000, 61.039062, 1014.179
2018-03-30 11:42:44 +0800, BME280, 23.600000, 60.963867, 1014.203
2018-03-30 11:46:36 +0800, BME280, 23.610001, 60.843750, 1014.252
2018-03-30 11:47:10 +0800, BME280, 23.590000, 60.818359, 1014.245
2018-03-30 11:47:44 +0800, BME280, 23.559999, 60.826172, 1014.182
2018-03-30 11:48:20 +0800, BME280, 23.590000, 60.851562, 1014.240
2018-03-30 11:48:52 +0800, BME280, 23.570000, 60.949219, 1014.212
2018-03-30 11:49:30 +0800, BME280, 23.559999, 61.014648, 1014.217
2018-03-30 11:50:11 +0800, BME280, 23.549999, 60.991211, 1014.257
2018-03-30 11:50:44 +0800, BME280, 23.580000, 60.995117, 1014.252
2018-03-30 11:51:15 +0800, BME280, 23.580000, 60.961914, 1014.261
2018-03-30 11:51:47 +0800, BME280, 23.570000, 60.950195, 1014.263
2018-03-30 11:52:20 +0800, BME280, 23.570000, 61.004883, 1014.266
2018-03-30 11:52:52 +0800, BME280, 23.590000, 60.884766, 1014.259
2018-03-30 11:53:23 +0800, BME280, 23.580000, 60.883789, 1014.224
2018-03-30 11:53:55 +0800, BME280, 23.580000, 60.983398, 1014.286
2018-03-30 11:54:29 +0800, BME280, 23.580000, 60.983398, 1014.230
2018-03-30 11:55:00 +0800, BME280, 23.580000, 60.972656, 1014.222
2018-03-30 11:55:33 +0800, BME280, 23.590000, 60.917969, 1014.177
2018-03-30 11:56:05 +0800, BME280, 23.580000, 60.971680, 1014.192
2018-03-30 11:56:41 +0800, BME280, 23.530001, 60.999023, 1014.119
2018-03-30 11:57:13 +0800, BME280, 23.580000, 60.995117, 1014.189
2018-03-30 11:57:45 +0800, BME280, 23.600000, 60.875000, 1014.198
2018-03-30 11:58:16 +0800, BME280, 23.610001, 60.910156, 1014.184
2018-03-30 11:58:48 +0800, BME280, 23.610001, 60.888672, 1014.208
2018-03-30 11:59:20 +0800, BME280, 23.600000, 60.987305, 1014.193
2018-03-30 11:59:53 +0800, BME280, 23.610001, 60.898438, 1014.177
2018-03-30 12:00:30 +0800, BME280, 23.610001, 60.898438, 1014.160
2018-03-30 12:01:01 +0800, BME280, 23.600000, 60.887695, 1014.130
2018-03-30 12:01:35 +0800, BME280, 23.600000, 60.876953, 1014.110
2018-03-30 12:02:07 +0800, BME280, 23.600000, 60.974609, 1014.125
2018-03-30 12:02:43 +0800, BME280, 23.600000, 60.943359, 1014.143
2018-03-30 12:03:15 +0800, BME280, 23.690001, 60.721680, 1014.172
2018-03-30 12:03:47 +0800, BME280, 23.660000, 60.740234, 1014.163
2018-03-30 12:04:19 +0800, BME280, 23.629999, 60.801758, 1014.134
2018-03-30 12:05:52 +0800, BME280, 23.629999, 60.846680, 1014.107
2018-03-30 12:06:26 +0800, BME280, 23.610001, 60.868164, 1014.134
2018-03-30 12:07:11 +0800, BME280, 23.580000, 60.939453, 1014.077
2018-03-30 12:07:43 +0800, BME280, 23.590000, 60.896484, 1014.062
2018-03-30 12:08:15 +0800, BME280, 23.580000, 60.927734, 1014.019
2018-03-30 12:08:50 +0800, BME280, 23.570000, 60.982422, 1014.022
2018-03-30 12:09:24 +0800, BME280, 23.600000, 60.897461, 1014.081
2018-03-30 12:09:56 +0800, BME280, 23.580000, 60.927734, 1014.029
2018-03-30 12:14:39 +0800, BME280, 23.600000, 60.987305, 1013.993
2018-03-30 12:15:10 +0800, BME280, 23.600000, 60.974609, 1013.923
2018-03-30 12:15:42 +0800, BME280, 23.629999, 60.978516, 1013.972
2018-03-30 12:16:14 +0800, BME280, 23.600000, 60.953125, 1013.895
2018-03-30 12:16:47 +0800, BME280, 23.620001, 60.954102, 1013.881
2018-03-30 12:17:21 +0800, BME280, 23.629999, 60.923828, 1013.934
2018-03-30 12:17:52 +0800, BME280, 23.639999, 60.915039, 1013.922
2018-03-30 12:18:26 +0800, BME280, 23.650000, 60.838867, 1013.915
2018-03-30 12:19:06 +0800, BME280, 23.629999, 60.978516, 1013.958
2018-03-30 12:19:38 +0800, BME280, 23.629999, 60.945312, 1013.928
2018-03-30 12:20:10 +0800, BME280, 23.620001, 61.000977, 1013.933
2018-03-30 12:20:44 +0800, BME280, 23.610001, 61.032227, 1013.895
2018-03-30 12:21:21 +0800, BME280, 23.590000, 61.040039, 1013.923
2018-03-30 12:21:53 +0800, BME280, 23.559999, 61.036133, 1013.842
2018-03-30 12:22:25 +0800, BME280, 23.600000, 61.085938, 1013.904
2018-03-30 12:23:11 +0800, BME280, 23.590000, 61.084961, 1013.872
2018-03-30 12:24:46 +0800, BME280, 23.549999, 61.100586, 1013.863
2018-03-30 12:25:20 +0800, BME280, 23.600000, 61.085938, 1013.930
2018-03-30 12:25:54 +0800, BME280, 23.590000, 61.018555, 1013.861
2018-03-30 12:26:29 +0800, BME280, 23.610001, 61.076172, 1013.862
2018-03-30 12:27:00 +0800, BME280, 23.600000, 61.108398, 1013.847
2018-03-30 12:27:34 +0800, BME280, 23.600000, 61.009766, 1013.878
2018-03-30 12:28:08 +0800, BME280, 23.610001, 61.000000, 1013.886
2018-03-30 12:28:40 +0800, BME280, 23.590000, 60.985352, 1013.840
2018-03-30 12:29:12 +0800, BME280, 23.580000, 61.050781, 1013.834
2018-03-30 12:29:43 +0800, BME280, 23.580000, 61.028320, 1013.843
2018-03-30 12:31:16 +0800, BME280, 23.570000, 61.039062, 1013.815
2018-03-30 12:31:48 +0800, BME280, 23.590000, 61.107422, 1013.815
2018-03-30 12:32:27 +0800, BME280, 23.610001, 61.020508, 1013.858
2018-03-30 12:33:01 +0800, BME280, 23.600000, 61.008789, 1013.815
2018-03-30 12:33:33 +0800, BME280, 23.580000, 61.083984, 1013.790
2018-03-30 12:34:08 +0800, BME280, 23.590000, 61.140625, 1013.808
2018-03-30 12:34:40 +0800, BME280, 23.580000, 61.138672, 1013.787
2018-03-30 12:35:17 +0800, BME280, 23.580000, 61.083984, 1013.797
2018-03-30 12:35:49 +0800, BME280, 23.570000, 61.014648, 1013.809
2018-03-30 12:36:21 +0800, BME280, 23.559999, 61.014648, 1013.780
2018-03-30 12:36:53 +0800, BME280, 23.530001, 61.054688, 1013.800
2018-03-30 12:37:28 +0800, BME280, 23.540001, 61.056641, 1013.797
2018-03-30 12:37:59 +0800, BME280, 23.510000, 61.041016, 1013.730
2018-03-30 12:38:34 +0800, BME280, 23.480000, 61.037109, 1013.709
2018-03-30 12:39:07 +0800, BME280, 23.490000, 61.016602, 1013.698
2018-03-30 12:39:38 +0800, BME280, 23.500000, 60.961914, 1013.704
2018-03-30 12:40:19 +0800, BME280, 23.510000, 60.941406, 1013.689
2018-03-30 12:40:51 +0800, BME280, 23.490000, 60.861328, 1013.671
2018-03-30 12:41:23 +0800, BME280, 23.469999, 60.946289, 1013.642
2018-03-30 12:42:09 +0800, BME280, 23.510000, 60.897461, 1013.632
2018-03-30 12:42:41 +0800, BME280, 23.490000, 60.872070, 1013.638
2018-03-30 12:43:18 +0800, BME280, 23.459999, 60.923828, 1013.658
2018-03-30 12:50:29 +0800, BME280, 23.520000, 60.575195, 1013.560
2018-03-30 12:51:01 +0800, BME280, 23.469999, 60.757812, 1013.553
2018-03-30 12:51:33 +0800, BME280, 23.440001, 60.943359, 1013.549
2018-03-30 12:53:07 +0800, BME280, 23.420000, 61.014648, 1013.613
2018-03-30 12:53:38 +0800, BME280, 23.400000, 61.014648, 1013.562
2018-03-30 12:54:10 +0800, BME280, 23.400000, 61.037109, 1013.570
2018-03-30 12:54:46 +0800, BME280, 23.379999, 61.022461, 1013.555
2018-03-30 12:55:23 +0800, BME280, 23.379999, 61.043945, 1013.602
2018-03-30 12:56:01 +0800, BME280, 23.370001, 61.066406, 1013.525
2018-03-30 12:56:33 +0800, BME280, 23.320000, 61.060547, 1013.491
2018-03-30 12:58:06 +0800, BME280, 23.350000, 61.119141, 1013.583
2018-03-30 12:58:41 +0800, BME280, 23.350000, 61.108398, 1013.608
2018-03-30 12:59:14 +0800, BME280, 23.340000, 61.041992, 1013.607
2018-03-30 12:59:53 +0800, BME280, 23.330000, 61.105469, 1013.598
2018-03-30 13:00:27 +0800, BME280, 23.320000, 61.093750, 1013.542
2018-03-30 13:00:59 +0800, BME280, 23.299999, 61.200195, 1013.538
2018-03-30 13:01:31 +0800, BME280, 23.280001, 61.209961, 1013.525
2018-03-30 13:02:14 +0800, BME280, 23.290001, 61.133789, 1013.524
2018-03-30 13:02:46 +0800, BME280, 23.260000, 61.184570, 1013.522
2018-03-30 13:03:20 +0800, BME280, 23.250000, 61.271484, 1013.509
2018-03-30 13:03:51 +0800, BME280, 23.230000, 61.246094, 1013.484
2018-03-30 13:04:37 +0800, BME280, 23.230000, 61.269531, 1013.478
2018-03-30 13:05:08 +0800, BME280, 23.209999, 61.244141, 1013.455
2018-03-30 13:05:43 +0800, BME280, 23.190001, 61.330078, 1013.496
2018-03-30 13:06:15 +0800, BME280, 23.180000, 61.384766, 1013.455
2018-03-30 13:06:51 +0800, BME280, 23.170000, 61.372070, 1013.415
2018-03-30 13:07:25 +0800, BME280, 23.170000, 61.372070, 1013.433
2018-03-30 13:07:57 +0800, BME280, 23.150000, 61.413086, 1013.420
2018-03-30 13:08:31 +0800, BME280, 23.139999, 61.555664, 1013.432
2018-03-30 13:09:14 +0800, BME280, 23.139999, 61.510742, 1013.427
2018-03-30 13:09:48 +0800, BME280, 23.139999, 61.543945, 1013.408
2018-03-30 13:10:22 +0800, BME280, 23.120001, 61.532227, 1013.421
2018-03-30 13:11:04 +0800, BME280, 23.090000, 61.537109, 1013.396
2018-03-30 13:11:43 +0800, BME280, 23.120001, 61.608398, 1013.421
2018-03-30 13:12:14 +0800, BME280, 23.100000, 61.627930, 1013.388
2018-03-30 13:12:51 +0800, BME280, 23.120001, 61.619141, 1013.382
2018-03-30 13:13:22 +0800, BME280, 23.110001, 61.507812, 1013.331
2018-03-30 13:13:55 +0800, BME280, 23.080000, 61.636719, 1013.321
2018-03-30 13:14:29 +0800, BME280, 23.059999, 61.666016, 1013.366
2018-03-30 13:15:03 +0800, BME280, 23.059999, 61.745117, 1013.345
2018-03-30 13:15:35 +0800, BME280, 23.059999, 61.745117, 1013.370
2018-03-30 13:16:11 +0800, BME280, 23.030001, 61.718750, 1013.334
2018-03-30 13:16:52 +0800, BME280, 23.040001, 61.687500, 1013.320
2018-03-30 13:17:38 +0800, BME280, 23.030001, 61.774414, 1013.303
2018-03-30 13:18:10 +0800, BME280, 23.020000, 61.761719, 1013.246
2018-03-30 13:18:42 +0800, BME280, 23.020000, 61.881836, 1013.267
2018-03-30 13:19:18 +0800, BME280, 22.990000, 61.856445, 1013.248
2018-03-30 13:19:50 +0800, BME280, 23.000000, 61.847656, 1013.307
2018-03-30 13:20:43 +0800, BME280, 23.020000, 62.016602, 1013.351
2018-03-30 13:21:18 +0800, BME280, 23.040001, 61.986328, 1013.285
2018-03-30 13:21:50 +0800, BME280, 23.059999, 61.976562, 1013.342
2018-03-30 13:23:23 +0800, BME280, 23.049999, 61.832031, 1013.312
2018-03-30 13:23:56 +0800, BME280, 23.049999, 61.875977, 1013.270
2018-03-30 13:25:34 +0800, BME280, 23.030001, 61.984375, 1013.268
2018-03-30 13:26:07 +0800, BME280, 23.040001, 61.918945, 1013.262
2018-03-30 13:26:43 +0800, BME280, 23.059999, 61.821289, 1013.263
2018-03-30 13:27:14 +0800, BME280, 23.070000, 61.878906, 1013.302
2018-03-30 13:27:57 +0800, BME280, 23.040001, 61.797852, 1013.290
2018-03-30 13:29:30 +0800, BME280, 23.020000, 61.971680, 1013.264
2018-03-30 13:30:08 +0800, BME280, 23.010000, 61.858398, 1013.239
2018-03-30 13:30:41 +0800, BME280, 23.030001, 61.905273, 1013.237
2018-03-30 13:31:13 +0800, BME280, 23.040001, 61.951172, 1013.245
2018-03-30 13:31:47 +0800, BME280, 23.040001, 61.874023, 1013.221
2018-03-30 13:32:20 +0800, BME280, 23.040001, 61.951172, 1013.229
2018-03-30 13:32:58 +0800, BME280, 23.040001, 61.973633, 1013.171
2018-03-30 13:33:31 +0800, BME280, 23.090000, 61.769531, 1013.253
2018-03-30 13:34:05 +0800, BME280, 23.090000, 61.836914, 1013.193
2018-03-30 13:35:40 +0800, BME280, 23.040001, 61.875000, 1013.181
2018-03-30 13:36:16 +0800, BME280, 23.040001, 61.862305, 1013.146
2018-03-30 13:36:47 +0800, BME280, 23.040001, 61.897461, 1013.159
2018-03-30 13:37:19 +0800, BME280, 23.059999, 61.920898, 1013.136
2018-03-30 13:37:50 +0800, BME280, 23.059999, 61.887695, 1013.140
2018-03-30 13:38:25 +0800, BME280, 23.090000, 61.782227, 1013.158
2018-03-30 13:39:07 +0800, BME280, 23.090000, 61.803711, 1013.151
2018-03-30 13:39:41 +0800, BME280, 23.100000, 61.771484, 1013.120
2018-03-30 13:40:15 +0800, BME280, 23.110001, 61.750977, 1013.144
2018-03-30 13:40:47 +0800, BME280, 23.080000, 61.780273, 1013.117
2018-03-30 13:41:24 +0800, BME280, 23.100000, 61.727539, 1013.109
2018-03-30 13:41:56 +0800, BME280, 23.110001, 61.728516, 1013.101
2018-03-30 13:42:28 +0800, BME280, 23.110001, 61.741211, 1013.181
2018-03-30 13:43:03 +0800, BME280, 23.110001, 61.717773, 1013.093
2018-03-30 13:43:34 +0800, BME280, 23.100000, 61.827148, 1013.073
2018-03-30 13:44:15 +0800, BME280, 23.110001, 61.829102, 1013.101
2018-03-30 13:44:58 +0800, BME280, 23.110001, 61.752930, 1013.116
2018-03-30 13:45:29 +0800, BME280, 23.129999, 61.753906, 1013.097
2018-03-30 13:46:01 +0800, BME280, 23.120001, 61.787109, 1013.098
2018-03-30 13:46:36 +0800, BME280, 23.129999, 61.764648, 1013.047
2018-03-30 13:47:16 +0800, BME280, 23.129999, 61.764648, 1013.092
2018-03-30 13:47:47 +0800, BME280, 23.139999, 61.711914, 1013.045
2018-03-30 13:48:19 +0800, BME280, 23.160000, 61.679688, 1013.038
2018-03-30 13:49:00 +0800, BME280, 23.160000, 61.701172, 1013.044
2018-03-30 13:49:32 +0800, BME280, 23.170000, 61.638672, 1013.037
2018-03-30 13:50:03 +0800, BME280, 23.180000, 61.616211, 1012.987
2018-03-30 13:50:37 +0800, BME280, 23.170000, 61.682617, 1013.006
2018-03-30 13:51:11 +0800, BME280, 23.170000, 61.738281, 1012.983
2018-03-30 13:51:44 +0800, BME280, 23.150000, 61.658203, 1012.989
2018-03-30 13:52:18 +0800, BME280, 23.160000, 61.748047, 1012.948
2018-03-30 13:52:54 +0800, BME280, 23.129999, 61.764648, 1012.974
2018-03-30 13:53:28 +0800, BME280, 23.150000, 61.811523, 1012.971
2018-03-30 13:54:00 +0800, BME280, 23.170000, 61.793945, 1012.950
2018-03-30 13:54:39 +0800, BME280, 23.209999, 61.765625, 1012.946
2018-03-30 13:55:11 +0800, BME280, 23.200001, 61.618164, 1012.933
2018-03-30 13:55:43 +0800, BME280, 23.280001, 61.874023, 1012.928
2018-03-30 13:56:17 +0800, BME280, 23.299999, 61.543945, 1012.902
2018-03-30 13:56:50 +0800, BME280, 23.270000, 61.728516, 1012.906
2018-03-30 13:57:24 +0800, BME280, 23.280001, 61.685547, 1012.914
2018-03-30 13:57:55 +0800, BME280, 23.299999, 61.976562, 1012.934
2018-03-30 13:58:27 +0800, BME280, 23.299999, 61.865234, 1012.898
2018-03-30 13:59:04 +0800, BME280, 23.280001, 61.863281, 1012.885
2018-03-30 13:59:36 +0800, BME280, 23.299999, 61.876953, 1012.908
2018-03-30 14:00:08 +0800, BME280, 23.299999, 61.888672, 1012.877
2018-03-30 14:00:40 +0800, BME280, 23.309999, 61.791016, 1012.945
2018-03-30 14:01:17 +0800, BME280, 23.309999, 61.977539, 1012.957
2018-03-30 14:02:08 +0800, BME280, 23.330000, 61.870117, 1012.987
2018-03-30 14:02:41 +0800, BME280, 23.309999, 61.890625, 1012.935
2018-03-30 14:03:15 +0800, BME280, 23.309999, 62.199219, 1012.875
2018-03-30 14:03:52 +0800, BME280, 23.320000, 62.168945, 1012.893
2018-03-30 14:04:26 +0800, BME280, 23.410000, 62.301758, 1012.845
2018-03-30 14:04:57 +0800, BME280, 23.490000, 62.690430, 1012.795
2018-03-30 14:05:31 +0800, BME280, 23.559999, 62.523438, 1012.842
2018-03-30 14:06:11 +0800, BME280, 23.620001, 62.488281, 1012.926
2018-03-30 14:06:42 +0800, BME280, 23.690001, 62.185547, 1012.890
2018-03-30 14:07:19 +0800, BME280, 23.670000, 61.806641, 1012.884
2018-03-30 14:07:50 +0800, BME280, 23.660000, 61.905273, 1012.854
2018-03-30 14:08:23 +0800, BME280, 23.610001, 62.019531, 1012.869
2018-03-30 14:08:56 +0800, BME280, 23.580000, 62.237305, 1012.808
2018-03-30 14:09:31 +0800, BME280, 23.570000, 62.403320, 1012.879
2018-03-30 14:10:04 +0800, BME280, 23.570000, 62.402344, 1012.843
2018-03-30 14:10:40 +0800, BME280, 23.540001, 62.287109, 1012.863
2018-03-30 14:11:11 +0800, BME280, 23.540001, 62.531250, 1012.834
2018-03-30 14:11:43 +0800, BME280, 23.580000, 62.481445, 1012.893
2018-03-30 14:12:20 +0800, BME280, 23.600000, 62.472656, 1012.905
2018-03-30 14:12:54 +0800, BME280, 23.600000, 62.462891, 1012.929
2018-03-30 14:13:27 +0800, BME280, 23.570000, 62.557617, 1012.888
2018-03-30 14:14:03 +0800, BME280, 23.590000, 62.515625, 1012.905
2018-03-30 14:14:37 +0800, BME280, 23.580000, 62.503906, 1012.841
2018-03-30 14:15:14 +0800, BME280, 23.600000, 62.517578, 1012.852
2018-03-30 14:16:00 +0800, BME280, 23.600000, 62.529297, 1012.929
2018-03-30 14:16:32 +0800, BME280, 23.629999, 62.488281, 1012.905
2018-03-30 14:17:27 +0800, BME280, 23.620001, 62.585938, 1012.870
2018-03-30 14:17:59 +0800, BME280, 23.600000, 62.607422, 1012.807
2018-03-30 14:18:31 +0800, BME280, 23.610001, 62.640625, 1012.853
2018-03-30 14:19:02 +0800, BME280, 23.620001, 62.665039, 1012.874
2018-03-30 14:19:37 +0800, BME280, 23.620001, 62.708008, 1012.802
2018-03-30 14:20:18 +0800, BME280, 23.610001, 62.740234, 1012.797
2018-03-30 14:21:00 +0800, BME280, 23.650000, 62.737305, 1012.854
2018-03-30 14:21:32 +0800, BME280, 23.660000, 62.670898, 1012.798
2018-03-30 14:22:03 +0800, BME280, 23.660000, 62.704102, 1012.773
2018-03-30 14:22:51 +0800, BME280, 23.680000, 62.651367, 1012.759
2018-03-30 14:23:27 +0800, BME280, 23.680000, 62.584961, 1012.760
2018-03-30 14:23:59 +0800, BME280, 23.670000, 62.704102, 1012.757
2018-03-30 14:24:31 +0800, BME280, 23.670000, 62.627930, 1012.747
2018-03-30 14:25:04 +0800, BME280, 23.680000, 62.661133, 1012.754
2018-03-30 14:26:42 +0800, BME280, 23.750000, 62.573242, 1012.827
2018-03-30 14:27:21 +0800, BME280, 23.780001, 62.410156, 1012.769
2018-03-30 14:27:53 +0800, BME280, 23.790001, 62.387695, 1012.747
2018-03-30 14:29:28 +0800, BME280, 23.770000, 62.462891, 1012.744
2018-03-30 14:30:04 +0800, BME280, 23.760000, 62.507812, 1012.701
2018-03-30 14:30:35 +0800, BME280, 23.780001, 62.475586, 1012.656
2018-03-30 14:31:21 +0800, BME280, 23.780001, 62.453125, 1012.675
2018-03-30 14:31:52 +0800, BME280, 23.780001, 62.553711, 1012.649
2018-03-30 14:33:33 +0800, BME280, 23.740000, 62.581055, 1012.651
2018-03-30 14:34:10 +0800, BME280, 23.750000, 62.550781, 1012.686
2018-03-30 14:34:53 +0800, BME280, 23.750000, 62.571289, 1012.662
2018-03-30 14:35:25 +0800, BME280, 23.830000, 62.459961, 1012.688
2018-03-30 14:35:59 +0800, BME280, 23.850000, 62.296875, 1012.683
2018-03-30 14:39:34 +0800, BME280, 23.850000, 62.198242, 1012.667
2018-03-30 14:40:15 +0800, BME280, 23.870001, 62.187500, 1012.716
2018-03-30 14:40:47 +0800, BME280, 23.870001, 62.000000, 1012.735
2018-03-30 14:41:20 +0800, BME280, 23.920000, 62.162109, 1012.718
2018-03-30 14:41:56 +0800, BME280, 23.940001, 62.010742, 1012.713
2018-03-30 14:42:28 +0800, BME280, 23.969999, 62.001953, 1012.722
2018-03-30 14:43:05 +0800, BME280, 23.980000, 61.804688, 1012.718
2018-03-30 14:43:46 +0800, BME280, 24.000000, 61.807617, 1012.686
2018-03-30 14:44:19 +0800, BME280, 24.040001, 61.645508, 1012.772
2018-03-30 14:44:51 +0800, BME280, 24.080000, 61.541016, 1012.683
2018-03-30 14:45:24 +0800, BME280, 24.080000, 61.506836, 1012.672
2018-03-30 14:45:58 +0800, BME280, 24.090000, 61.396484, 1012.680
2018-03-30 14:46:45 +0800, BME280, 24.090000, 61.375977, 1012.610
2018-03-30 14:48:18 +0800, BME280, 24.170000, 61.120117, 1012.658
2018-03-30 14:48:49 +0800, BME280, 24.170000, 61.287109, 1012.662
2018-03-30 14:49:29 +0800, BME280, 24.150000, 60.995117, 1012.674
2018-03-30 14:50:01 +0800, BME280, 24.120001, 61.156250, 1012.662
2018-03-30 14:50:33 +0800, BME280, 24.070000, 61.171875, 1012.600
2018-03-30 14:51:05 +0800, BME280, 24.049999, 61.347656, 1012.649
2018-03-30 14:51:37 +0800, BME280, 24.020000, 61.376953, 1012.683
2018-03-30 14:52:09 +0800, BME280, 23.980000, 61.481445, 1012.681
2018-03-30 14:52:43 +0800, BME280, 23.950001, 61.510742, 1012.706
2018-03-30 14:53:14 +0800, BME280, 23.930000, 61.596680, 1012.625
2018-03-30 14:53:46 +0800, BME280, 23.940001, 61.598633, 1012.655
2018-03-30 14:54:19 +0800, BME280, 23.940001, 61.553711, 1012.651
2018-03-30 14:54:50 +0800, BME280, 23.950001, 61.543945, 1012.662
2018-03-30 14:55:22 +0800, BME280, 23.930000, 61.619141, 1012.598
2018-03-30 14:56:02 +0800, BME280, 23.969999, 61.348633, 1012.595
2018-03-30 14:56:33 +0800, BME280, 23.959999, 61.369141, 1012.645
2018-03-30 14:57:06 +0800, BME280, 24.020000, 61.310547, 1012.633
2018-03-30 14:57:57 +0800, BME280, 24.010000, 61.263672, 1012.647
2018-03-30 14:58:33 +0800, BME280, 23.959999, 61.389648, 1012.570
2018-03-30 14:59:09 +0800, BME280, 23.940001, 61.454102, 1012.578
2018-03-30 14:59:45 +0800, BME280, 23.900000, 61.506836, 1012.476
2018-03-30 15:01:23 +0800, BME280, 23.980000, 61.416016, 1012.540
2018-03-30 15:02:02 +0800, BME280, 24.040001, 61.368164, 1012.471
2018-03-30 15:02:33 +0800, BME280, 24.059999, 61.126953, 1012.496
2018-03-30 15:03:08 +0800, BME280, 24.010000, 61.153320, 1012.452
2018-03-30 15:03:44 +0800, BME280, 23.959999, 61.234375, 1012.501
2018-03-30 15:04:21 +0800, BME280, 23.920000, 61.285156, 1012.475
2018-03-30 15:04:55 +0800, BME280, 23.900000, 61.327148, 1012.479
2018-03-30 15:05:26 +0800, BME280, 23.889999, 61.325195, 1012.448
2018-03-30 15:07:08 +0800, BME280, 23.799999, 61.413086, 1012.458
2018-03-30 15:07:58 +0800, BME280, 23.780001, 61.400391, 1012.418
2018-03-30 15:08:30 +0800, BME280, 23.760000, 61.496094, 1012.419
2018-03-30 15:09:08 +0800, BME280, 23.760000, 61.473633, 1012.420
2018-03-30 15:09:40 +0800, BME280, 23.760000, 61.452148, 1012.446
2018-03-30 15:10:11 +0800, BME280, 23.740000, 61.438477, 1012.480
2018-03-30 15:10:43 +0800, BME280, 23.730000, 61.458008, 1012.455
2018-03-30 15:11:14 +0800, BME280, 23.709999, 61.556641, 1012.464
2018-03-30 15:13:52 +0800, BME280, 23.510000, 61.651367, 1012.132
2018-03-30 15:14:28 +0800, BME280, 23.660000, 61.572266, 1012.354
2018-03-30 15:15:07 +0800, BME280, 23.670000, 61.606445, 1012.415
2018-03-30 15:15:51 +0800, BME280, 23.650000, 61.559570, 1012.418
2018-03-30 15:16:22 +0800, BME280, 23.670000, 61.427734, 1012.409
2018-03-30 15:16:59 +0800, BME280, 23.639999, 61.524414, 1012.386
2018-03-30 15:17:31 +0800, BME280, 23.629999, 61.544922, 1012.383
2018-03-30 15:18:04 +0800, BME280, 23.620001, 61.511719, 1012.406
2018-03-30 15:18:36 +0800, BME280, 23.610001, 61.609375, 1012.347
2018-03-30 15:19:07 +0800, BME280, 23.590000, 61.695312, 1012.381
2018-03-30 15:19:45 +0800, BME280, 23.600000, 61.574219, 1012.369
2018-03-30 15:20:40 +0800, BME280, 23.590000, 61.662109, 1012.307
2018-03-30 15:21:12 +0800, BME280, 23.600000, 61.574219, 1012.354
2018-03-30 15:21:44 +0800, BME280, 23.580000, 61.638672, 1012.347
2018-03-30 15:22:19 +0800, BME280, 23.570000, 61.679688, 1012.334
2018-03-30 15:22:50 +0800, BME280, 23.559999, 61.591797, 1012.295
2018-03-30 15:23:23 +0800, BME280, 23.559999, 61.613281, 1012.368
2018-03-30 15:23:55 +0800, BME280, 23.549999, 61.589844, 1012.303
2018-03-30 15:24:26 +0800, BME280, 23.549999, 61.569336, 1012.309
2018-03-30 15:24:59 +0800, BME280, 23.559999, 61.524414, 1012.299
2018-03-30 15:25:52 +0800, BME280, 23.570000, 61.494141, 1012.365
2018-03-30 15:26:28 +0800, BME280, 23.610001, 61.442383, 1012.384
2018-03-30 15:27:02 +0800, BME280, 23.600000, 61.474609, 1012.329
2018-03-30 15:27:33 +0800, BME280, 23.620001, 61.455078, 1012.345
2018-03-30 15:28:05 +0800, BME280, 23.600000, 61.464844, 1012.370
2018-03-30 15:28:37 +0800, BME280, 23.610001, 61.553711, 1012.328
2018-03-30 15:29:12 +0800, BME280, 23.629999, 61.433594, 1012.374
2018-03-30 15:29:44 +0800, BME280, 23.639999, 61.347656, 1012.348
2018-03-30 15:30:16 +0800, BME280, 23.629999, 61.422852, 1012.301
2018-03-30 15:30:51 +0800, BME280, 23.629999, 61.457031, 1012.337
2018-03-30 15:31:25 +0800, BME280, 23.629999, 61.368164, 1012.359
2018-03-30 15:32:04 +0800, BME280, 23.639999, 61.423828, 1012.343
2018-03-30 15:32:35 +0800, BME280, 23.660000, 61.416016, 1012.313
2018-03-30 15:34:08 +0800, BME280, 23.620001, 61.489258, 1012.349
2018-03-30 15:34:42 +0800, BME280, 23.629999, 61.422852, 1012.325
2018-03-30 15:35:14 +0800, BME280, 23.639999, 61.358398, 1012.327
2018-03-30 15:35:47 +0800, BME280, 23.670000, 61.396484, 1012.289
2018-03-30 15:36:18 +0800, BME280, 23.660000, 61.483398, 1012.310
2018-03-30 15:36:50 +0800, BME280, 23.670000, 61.307617, 1012.363
2018-03-30 15:37:26 +0800, BME280, 23.680000, 61.262695, 1012.332
2018-03-30 15:38:05 +0800, BME280, 23.680000, 61.340820, 1012.327
2018-03-30 15:38:38 +0800, BME280, 23.680000, 61.340820, 1012.287
2018-03-30 15:39:14 +0800, BME280, 23.690001, 61.354492, 1012.309
2018-03-30 15:39:47 +0800, BME280, 23.719999, 61.168945, 1012.300
2018-03-30 15:40:18 +0800, BME280, 23.709999, 61.290039, 1012.275
2018-03-30 15:40:50 +0800, BME280, 23.700001, 61.277344, 1012.317
2018-03-30 15:41:36 +0800, BME280, 23.709999, 61.300781, 1012.328
2018-03-30 15:42:10 +0800, BME280, 23.709999, 61.234375, 1012.357
2018-03-30 15:42:42 +0800, BME280, 23.709999, 61.234375, 1012.318
2018-03-30 15:43:19 +0800, BME280, 23.700001, 61.246094, 1012.357
2018-03-30 15:43:53 +0800, BME280, 23.690001, 61.176758, 1012.315
2018-03-30 15:44:27 +0800, BME280, 23.690001, 61.263672, 1012.337
2018-03-30 15:45:11 +0800, BME280, 23.709999, 61.323242, 1012.358
2018-03-30 15:45:46 +0800, BME280, 23.690001, 61.263672, 1012.328
2018-03-30 15:46:20 +0800, BME280, 23.690001, 61.354492, 1012.279
2018-03-30 15:46:51 +0800, BME280, 23.700001, 61.290039, 1012.302
2018-03-30 15:47:23 +0800, BME280, 23.700001, 61.311523, 1012.308
2018-03-30 15:47:56 +0800, BME280, 23.670000, 61.239258, 1012.283
2018-03-30 15:48:32 +0800, BME280, 23.660000, 61.427734, 1012.371
2018-03-30 15:49:05 +0800, BME280, 23.650000, 61.416016, 1012.365
2018-03-30 15:49:51 +0800, BME280, 23.629999, 61.433594, 1012.365
2018-03-30 15:50:23 +0800, BME280, 23.629999, 61.590820, 1012.331
2018-03-30 15:52:04 +0800, BME280, 23.670000, 61.473633, 1012.327
2018-03-30 15:52:42 +0800, BME280, 23.660000, 61.372070, 1012.340
2018-03-30 15:53:16 +0800, BME280, 23.650000, 61.470703, 1012.346
2018-03-30 15:55:52 +0800, BME280, 23.620001, 61.521484, 1012.347
2018-03-30 15:56:26 +0800, BME280, 23.639999, 61.591797, 1012.423
2018-03-30 15:56:57 +0800, BME280, 23.639999, 61.544922, 1012.396
2018-03-30 15:57:32 +0800, BME280, 23.680000, 61.429688, 1012.392
2018-03-30 15:58:06 +0800, BME280, 23.700001, 61.311523, 1012.431
2018-03-30 15:58:41 +0800, BME280, 23.680000, 61.307617, 1012.430
2018-03-30 15:59:18 +0800, BME280, 23.660000, 61.361328, 1012.357
2018-03-30 15:59:50 +0800, BME280, 23.639999, 61.314453, 1012.404
2018-03-30 16:00:28 +0800, BME280, 23.629999, 61.400391, 1012.467
2018-03-30 16:01:00 +0800, BME280, 23.620001, 61.511719, 1012.424
2018-03-30 16:01:35 +0800, BME280, 23.629999, 61.478516, 1012.455
2018-03-30 16:02:07 +0800, BME280, 23.620001, 61.466797, 1012.352
2018-03-30 16:02:45 +0800, BME280, 23.620001, 61.432617, 1012.405
2018-03-30 16:04:35 +0800, BME280, 23.610001, 61.388672, 1012.458
2018-03-30 16:06:10 +0800, BME280, 23.570000, 61.560547, 1012.424
2018-03-30 16:07:06 +0800, BME280, 23.590000, 61.461914, 1012.444
2018-03-30 16:07:38 +0800, BME280, 23.600000, 61.342773, 1012.475
2018-03-30 16:08:10 +0800, BME280, 23.610001, 61.333008, 1012.443
2018-03-30 16:08:44 +0800, BME280, 23.610001, 61.342773, 1012.461
2018-03-30 16:09:16 +0800, BME280, 23.620001, 61.245117, 1012.453
2018-03-30 16:09:47 +0800, BME280, 23.620001, 61.300781, 1012.473
2018-03-30 16:10:19 +0800, BME280, 23.590000, 61.250977, 1012.469
2018-03-30 16:10:56 +0800, BME280, 23.570000, 61.380859, 1012.448
2018-03-30 16:12:29 +0800, BME280, 23.570000, 61.326172, 1012.445
2018-03-30 16:13:02 +0800, BME280, 23.580000, 61.349609, 1012.449
2018-03-30 16:13:34 +0800, BME280, 23.570000, 61.315430, 1012.482
2018-03-30 16:14:13 +0800, BME280, 23.549999, 61.400391, 1012.471
2018-03-30 16:14:51 +0800, BME280, 23.530001, 61.444336, 1012.471
2018-03-30 16:15:23 +0800, BME280, 23.540001, 61.456055, 1012.478
2018-03-30 16:16:04 +0800, BME280, 23.559999, 61.402344, 1012.500
2018-03-30 16:16:43 +0800, BME280, 23.580000, 61.283203, 1012.496
2018-03-30 16:17:22 +0800, BME280, 23.559999, 61.369141, 1012.482
2018-03-30 16:17:54 +0800, BME280, 23.549999, 61.412109, 1012.500
2018-03-30 16:18:30 +0800, BME280, 23.540001, 61.355469, 1012.450
2018-03-30 16:19:07 +0800, BME280, 23.549999, 61.313477, 1012.532
2018-03-30 16:19:47 +0800, BME280, 23.530001, 61.409180, 1012.526
2018-03-30 16:20:23 +0800, BME280, 23.530001, 61.343750, 1012.510
2018-03-30 16:20:59 +0800, BME280, 23.530001, 61.298828, 1012.502
2018-03-30 16:21:40 +0800, BME280, 23.549999, 61.290039, 1012.557
2018-03-30 16:22:12 +0800, BME280, 23.559999, 61.269531, 1012.536
2018-03-30 16:22:48 +0800, BME280, 23.559999, 61.269531, 1012.538
2018-03-30 16:23:26 +0800, BME280, 23.540001, 61.289062, 1012.535
2018-03-30 16:24:01 +0800, BME280, 23.639999, 61.159180, 1012.550
2018-03-30 16:24:32 +0800, BME280, 23.629999, 61.123047, 1012.546
2018-03-30 16:25:15 +0800, BME280, 23.610001, 61.208984, 1012.572
2018-03-30 16:25:47 +0800, BME280, 23.600000, 61.276367, 1012.590
2018-03-30 16:26:20 +0800, BME280, 23.590000, 61.284180, 1012.598
2018-03-30 16:26:52 +0800, BME280, 23.580000, 61.293945, 1012.637
2018-03-30 16:27:25 +0800, BME280, 23.559999, 61.358398, 1012.658
2018-03-30 16:27:59 +0800, BME280, 23.540001, 61.433594, 1012.640
2018-03-30 16:28:30 +0800, BME280, 23.520000, 61.475586, 1012.657
2018-03-30 16:29:11 +0800, BME280, 23.540001, 61.533203, 1012.655
2018-03-30 16:29:43 +0800, BME280, 23.549999, 61.457031, 1012.678
2018-03-30 16:30:15 +0800, BME280, 23.559999, 61.469727, 1012.680
2018-03-30 16:30:55 +0800, BME280, 23.549999, 61.458008, 1012.681
2018-03-30 16:31:40 +0800, BME280, 23.570000, 61.415039, 1012.713
2018-03-30 16:32:11 +0800, BME280, 23.580000, 61.394531, 1012.659
2018-03-30 16:32:46 +0800, BME280, 23.580000, 61.372070, 1012.706
2018-03-30 16:33:18 +0800, BME280, 23.559999, 61.380859, 1012.662
2018-03-30 16:33:50 +0800, BME280, 23.559999, 61.402344, 1012.658
2018-03-30 16:34:35 +0800, BME280, 23.540001, 61.444336, 1012.688
2018-03-30 16:36:19 +0800, BME280, 23.610001, 61.309570, 1012.696
2018-03-30 16:36:51 +0800, BME280, 23.709999, 61.201172, 1012.720
2018-03-30 16:37:23 +0800, BME280, 23.740000, 61.171875, 1012.704
2018-03-30 16:37:56 +0800, BME280, 23.760000, 61.007812, 1012.682
2018-03-30 16:38:33 +0800, BME280, 23.780001, 61.111328, 1012.701
2018-03-30 16:39:05 +0800, BME280, 23.830000, 60.907227, 1012.729
2018-03-30 16:40:38 +0800, BME280, 23.889999, 60.770508, 1012.773
2018-03-30 16:41:10 +0800, BME280, 23.889999, 60.704102, 1012.744
2018-03-30 16:41:48 +0800, BME280, 23.920000, 61.086914, 1012.773
2018-03-30 16:42:21 +0800, BME280, 23.900000, 60.727539, 1012.729
2018-03-30 16:42:57 +0800, BME280, 23.879999, 60.747070, 1012.719
2018-03-30 16:43:31 +0800, BME280, 23.850000, 60.777344, 1012.734
2018-03-30 16:44:09 +0800, BME280, 23.820000, 60.817383, 1012.730
2018-03-30 16:44:53 +0800, BME280, 23.860001, 60.833008, 1012.790
2018-03-30 16:45:25 +0800, BME280, 23.870001, 60.833008, 1012.788
2018-03-30 16:45:57 +0800, BME280, 23.850000, 60.665039, 1012.764
2018-03-30 16:46:39 +0800, BME280, 23.870001, 60.734375, 1012.839
2018-03-30 16:47:19 +0800, BME280, 23.850000, 60.687500, 1012.799
2018-03-30 16:47:57 +0800, BME280, 23.889999, 60.691406, 1012.779
2018-03-30 16:48:30 +0800, BME280, 23.950001, 60.600586, 1012.844
2018-03-30 16:49:10 +0800, BME280, 23.969999, 60.460938, 1012.841
2018-03-30 16:49:42 +0800, BME280, 24.010000, 60.263672, 1012.879
2018-03-30 16:50:16 +0800, BME280, 24.000000, 60.230469, 1012.850
2018-03-30 16:50:51 +0800, BME280, 24.010000, 60.197266, 1012.820
2018-03-30 16:51:22 +0800, BME280, 24.010000, 60.122070, 1012.808
2018-03-30 16:51:55 +0800, BME280, 24.030001, 60.467773, 1012.848
2018-03-30 16:52:35 +0800, BME280, 23.990000, 60.173828, 1012.872
2018-03-30 16:53:06 +0800, BME280, 23.969999, 60.381836, 1012.857
2018-03-30 16:53:43 +0800, BME280, 24.010000, 60.375977, 1012.886
2018-03-30 16:54:15 +0800, BME280, 24.010000, 60.220703, 1012.866
2018-03-30 16:54:51 +0800, BME280, 24.000000, 60.197266, 1012.862
2018-03-30 16:55:31 +0800, BME280, 24.000000, 60.163086, 1012.875
2018-03-30 16:56:03 +0800, BME280, 23.969999, 60.282227, 1012.854
2018-03-30 16:56:42 +0800, BME280, 23.980000, 60.292969, 1012.869
2018-03-30 16:57:26 +0800, BME280, 23.980000, 60.282227, 1012.899
2018-03-30 16:58:03 +0800, BME280, 23.990000, 60.273438, 1012.860
2018-03-30 16:58:43 +0800, BME280, 23.990000, 60.395508, 1012.876
2018-03-30 16:59:21 +0800, BME280, 23.959999, 60.313477, 1012.816
2018-03-30 16:59:55 +0800, BME280, 24.000000, 60.262695, 1012.858
2018-03-30 17:00:31 +0800, BME280, 24.000000, 60.274414, 1012.840
2018-03-30 17:01:03 +0800, BME280, 23.980000, 60.361328, 1012.850
2018-03-30 17:01:54 +0800, BME280, 23.969999, 60.424805, 1012.865
2018-03-30 17:02:26 +0800, BME280, 23.940001, 60.499023, 1012.842
2018-03-30 17:02:57 +0800, BME280, 24.010000, 60.542969, 1012.849
2018-03-30 17:03:30 +0800, BME280, 24.000000, 60.429688, 1012.868
2018-03-30 17:04:02 +0800, BME280, 24.010000, 61.252930, 1012.853
2018-03-30 17:04:34 +0800, BME280, 24.049999, 60.358398, 1012.882
2018-03-30 17:05:06 +0800, BME280, 23.990000, 60.651367, 1012.843
2018-03-30 17:05:41 +0800, BME280, 24.020000, 60.510742, 1012.822
2018-03-30 17:06:16 +0800, BME280, 24.030001, 60.358398, 1012.819
2018-03-30 17:06:49 +0800, BME280, 24.049999, 60.314453, 1012.854
2018-03-30 17:07:21 +0800, BME280, 24.049999, 60.336914, 1012.864
2018-03-30 17:07:53 +0800, BME280, 24.030001, 60.245117, 1012.859
2018-03-30 17:08:26 +0800, BME280, 23.980000, 60.238281, 1012.831
2018-03-30 17:09:06 +0800, BME280, 23.940001, 60.267578, 1012.830
2018-03-30 17:09:38 +0800, BME280, 23.940001, 60.355469, 1012.852
2018-03-30 17:10:23 +0800, BME280, 23.910000, 60.441406, 1012.884
2018-03-30 17:10:54 +0800, BME280, 23.940001, 60.333984, 1012.872
2018-03-30 17:11:42 +0800, BME280, 23.910000, 60.250000, 1012.861
2018-03-30 17:12:15 +0800, BME280, 23.879999, 60.434570, 1012.860
2018-03-30 17:15:51 +0800, BME280, 24.010000, 60.220703, 1012.885
2018-03-30 17:16:28 +0800, BME280, 23.990000, 60.029297, 1012.925
2018-03-30 17:17:16 +0800, BME280, 23.910000, 60.250977, 1012.884
2018-03-30 17:17:52 +0800, BME280, 23.920000, 60.364258, 1012.917
2018-03-30 17:18:42 +0800, BME280, 23.910000, 60.706055, 1012.889
2018-03-30 17:19:14 +0800, BME280, 23.950001, 60.211914, 1012.881
2018-03-30 17:19:47 +0800, BME280, 23.950001, 60.123047, 1012.856
2018-03-30 17:20:19 +0800, BME280, 23.959999, 60.114258, 1012.875
2018-03-30 17:20:50 +0800, BME280, 23.969999, 60.326172, 1012.861
2018-03-30 17:21:26 +0800, BME280, 24.010000, 60.464844, 1012.858
2018-03-30 17:22:10 +0800, BME280, 24.049999, 59.926758, 1012.870
2018-03-30 17:22:42 +0800, BME280, 24.270000, 59.375977, 1012.813
2018-03-30 17:23:23 +0800, BME280, 24.219999, 59.547852, 1012.810
2018-03-30 17:23:57 +0800, BME280, 24.139999, 59.692383, 1012.806
2018-03-30 17:24:29 +0800, BME280, 24.100000, 59.842773, 1012.837
2018-03-30 17:25:04 +0800, BME280, 24.059999, 59.959961, 1012.854
2018-03-30 17:25:42 +0800, BME280, 24.020000, 60.010742, 1012.816
2018-03-30 17:26:16 +0800, BME280, 24.000000, 60.052734, 1012.804
2018-03-30 17:26:57 +0800, BME280, 23.990000, 60.073242, 1012.829
2018-03-30 17:27:28 +0800, BME280, 24.010000, 60.175781, 1012.832
2018-03-30 17:28:00 +0800, BME280, 23.990000, 60.072266, 1012.768
2018-03-30 17:28:31 +0800, BME280, 23.980000, 60.137695, 1012.799
2018-03-30 17:29:14 +0800, BME280, 23.969999, 60.092773, 1012.810
2018-03-30 17:29:50 +0800, BME280, 23.959999, 60.125000, 1012.831
2018-03-30 17:30:24 +0800, BME280, 23.940001, 60.154297, 1012.745
2018-03-30 17:30:56 +0800, BME280, 23.950001, 60.333984, 1012.774
2018-03-30 17:31:39 +0800, BME280, 23.950001, 60.255859, 1012.769
2018-03-30 17:32:13 +0800, BME280, 23.940001, 60.089844, 1012.725
2018-03-30 17:32:46 +0800, BME280, 23.930000, 60.219727, 1012.745
2018-03-30 17:33:20 +0800, BME280, 23.940001, 60.121094, 1012.766
2018-03-30 17:33:53 +0800, BME280, 23.910000, 60.241211, 1012.753
2018-03-30 17:34:24 +0800, BME280, 23.910000, 60.228516, 1012.701
2018-03-30 17:34:56 +0800, BME280, 23.900000, 60.171875, 1012.733
2018-03-30 17:35:34 +0800, BME280, 23.900000, 60.260742, 1012.726
2018-03-30 17:36:08 +0800, BME280, 23.900000, 60.161133, 1012.726
2018-03-30 17:36:40 +0800, BME280, 23.889999, 60.214844, 1012.754
2018-03-30 17:37:20 +0800, BME280, 23.900000, 60.171875, 1012.730
2018-03-30 17:38:53 +0800, BME280, 23.900000, 60.260742, 1012.735
2018-03-30 17:39:24 +0800, BME280, 23.910000, 60.250977, 1012.692
2018-03-30 17:39:56 +0800, BME280, 23.920000, 60.130859, 1012.679
2018-03-30 17:40:35 +0800, BME280, 23.910000, 60.129883, 1012.726
2018-03-30 17:41:07 +0800, BME280, 23.889999, 60.213867, 1012.692
2018-03-30 17:41:39 +0800, BME280, 23.950001, 60.289062, 1012.714
2018-03-30 17:42:10 +0800, BME280, 23.950001, 60.055664, 1012.711
2018-03-30 17:42:42 +0800, BME280, 23.940001, 60.154297, 1012.712
2018-03-30 17:43:15 +0800, BME280, 23.940001, 60.156250, 1012.720
2018-03-30 17:44:08 +0800, BME280, 23.920000, 60.120117, 1012.681
2018-03-30 17:44:47 +0800, BME280, 23.930000, 60.064453, 1012.662
2018-03-30 17:45:21 +0800, BME280, 23.930000, 60.120117, 1012.699
2018-03-30 17:45:53 +0800, BME280, 23.930000, 60.130859, 1012.732
2018-03-30 17:46:24 +0800, BME280, 23.910000, 60.196289, 1012.657
2018-03-30 17:46:56 +0800, BME280, 23.910000, 60.195312, 1012.726
2018-03-30 17:47:33 +0800, BME280, 23.910000, 60.205078, 1012.690
2018-03-30 17:48:05 +0800, BME280, 23.900000, 60.250000, 1012.669
2018-03-30 17:48:38 +0800, BME280, 23.920000, 60.163086, 1012.681
2018-03-30 17:49:09 +0800, BME280, 23.920000, 60.175781, 1012.692
2018-03-30 17:49:42 +0800, BME280, 23.920000, 60.241211, 1012.710
2018-03-30 17:51:17 +0800, BME280, 23.870001, 60.212891, 1012.753
2018-03-30 17:53:51 +0800, BME280, 23.900000, 60.138672, 1012.794
2018-03-30 17:54:23 +0800, BME280, 23.910000, 60.117188, 1012.767
2018-03-30 17:55:01 +0800, BME280, 23.879999, 60.088867, 1012.763
2018-03-30 17:57:41 +0800, BME280, 23.809999, 59.994141, 1012.777
2018-03-30 18:00:17 +0800, BME280, 23.780001, 59.989258, 1012.753
2018-03-30 18:00:49 +0800, BME280, 23.770000, 59.999023, 1012.770
2018-03-30 18:01:21 +0800, BME280, 23.760000, 60.021484, 1012.799
2018-03-30 18:01:53 +0800, BME280, 23.740000, 60.039062, 1012.787
2018-03-30 18:02:25 +0800, BME280, 23.690001, 60.134766, 1012.768
2018-03-30 18:02:57 +0800, BME280, 23.730000, 60.060547, 1012.774
2018-03-30 18:04:31 +0800, BME280, 23.730000, 60.014648, 1012.779
2018-03-30 18:05:20 +0800, BME280, 23.719999, 60.047852, 1012.758
2018-03-30 18:05:53 +0800, BME280, 23.690001, 60.056641, 1012.751
2018-03-30 18:06:38 +0800, BME280, 23.700001, 60.089844, 1012.746
2018-03-30 18:07:10 +0800, BME280, 23.680000, 60.142578, 1012.774
2018-03-30 18:07:42 +0800, BME280, 23.690001, 60.100586, 1012.766
2018-03-30 18:08:13 +0800, BME280, 23.690001, 60.067383, 1012.785
2018-03-30 18:10:00 +0800, BME280, 23.660000, 60.196289, 1012.831
2018-03-30 18:10:31 +0800, BME280, 23.709999, 60.024414, 1012.792
2018-03-30 18:11:16 +0800, BME280, 23.730000, 60.003906, 1012.803
2018-03-30 18:11:47 +0800, BME280, 23.709999, 60.034180, 1012.808
2018-03-30 18:12:21 +0800, BME280, 23.709999, 60.001953, 1012.807
2018-03-30 18:12:59 +0800, BME280, 23.709999, 60.001953, 1012.785
2018-03-30 18:13:31 +0800, BME280, 23.700001, 60.045898, 1012.787
2018-03-30 18:14:05 +0800, BME280, 23.690001, 60.045898, 1012.833
2018-03-30 18:17:40 +0800, BME280, 23.670000, 60.308594, 1012.868
2018-03-30 18:18:23 +0800, BME280, 23.680000, 60.308594, 1012.900
2018-03-30 18:18:54 +0800, BME280, 23.670000, 60.397461, 1012.883
2018-03-30 18:19:27 +0800, BME280, 23.760000, 60.143555, 1012.880
2018-03-30 18:19:58 +0800, BME280, 23.750000, 60.207031, 1012.891
2018-03-30 18:20:31 +0800, BME280, 23.740000, 60.228516, 1012.864
2018-03-30 18:21:03 +0800, BME280, 23.730000, 60.281250, 1012.880
2018-03-30 18:21:36 +0800, BME280, 23.700001, 60.312500, 1012.868
2018-03-30 18:22:10 +0800, BME280, 23.700001, 60.367188, 1012.840
2018-03-30 18:22:44 +0800, BME280, 23.709999, 60.392578, 1012.838
2018-03-30 18:23:16 +0800, BME280, 23.700001, 60.389648, 1012.825
2018-03-30 18:23:48 +0800, BME280, 23.700001, 60.323242, 1012.897
2018-03-30 18:24:20 +0800, BME280, 23.680000, 60.375000, 1012.895
2018-03-30 18:25:58 +0800, BME280, 23.639999, 60.436523, 1012.896
2018-03-30 18:26:29 +0800, BME280, 23.620001, 60.466797, 1012.919
2018-03-30 18:27:01 +0800, BME280, 23.590000, 60.507812, 1012.880
2018-03-30 18:27:32 +0800, BME280, 23.590000, 60.507812, 1012.911
2018-03-30 18:28:04 +0800, BME280, 23.590000, 60.497070, 1012.887
2018-03-30 18:28:36 +0800, BME280, 23.570000, 60.538086, 1012.909
2018-03-30 18:29:07 +0800, BME280, 23.530001, 60.644531, 1012.900
2018-03-30 18:29:39 +0800, BME280, 23.540001, 60.645508, 1012.901
2018-03-30 18:30:17 +0800, BME280, 23.530001, 60.721680, 1012.917
2018-03-30 18:30:52 +0800, BME280, 23.530001, 60.688477, 1012.935
2018-03-30 18:31:30 +0800, BME280, 23.540001, 60.645508, 1012.933
2018-03-30 18:32:02 +0800, BME280, 23.570000, 60.559570, 1012.952
2018-03-30 18:32:39 +0800, BME280, 23.549999, 60.536133, 1012.937
2018-03-30 18:33:15 +0800, BME280, 23.520000, 60.621094, 1012.939
2018-03-30 18:33:48 +0800, BME280, 23.490000, 60.683594, 1012.973
2018-03-30 18:34:21 +0800, BME280, 23.490000, 60.661133, 1012.966
2018-03-30 18:34:52 +0800, BME280, 23.490000, 60.695312, 1013.008
2018-03-30 18:35:24 +0800, BME280, 23.500000, 60.684570, 1012.982
2018-03-30 18:35:57 +0800, BME280, 23.500000, 60.684570, 1012.987
2018-03-30 18:37:33 +0800, BME280, 23.480000, 60.669922, 1012.971
2018-03-30 18:38:05 +0800, BME280, 23.459999, 60.790039, 1013.052
2018-03-30 18:38:40 +0800, BME280, 23.469999, 60.724609, 1013.062
2018-03-30 18:39:12 +0800, BME280, 23.490000, 60.661133, 1013.084
2018-03-30 18:39:47 +0800, BME280, 23.480000, 60.670898, 1013.097
2018-03-30 18:40:20 +0800, BME280, 23.440001, 60.688477, 1013.073
2018-03-30 18:40:53 +0800, BME280, 23.459999, 60.679688, 1013.045
2018-03-30 18:41:33 +0800, BME280, 23.480000, 60.636719, 1013.065
2018-03-30 18:42:06 +0800, BME280, 23.469999, 60.646484, 1013.071
2018-03-30 18:42:37 +0800, BME280, 23.530001, 60.466797, 1013.022
2018-03-30 18:43:09 +0800, BME280, 23.510000, 60.453125, 1013.092
2018-03-30 18:43:42 +0800, BME280, 23.510000, 60.464844, 1013.058
2018-03-30 18:44:23 +0800, BME280, 23.520000, 60.453125, 1013.088
2018-03-30 18:44:58 +0800, BME280, 23.490000, 60.505859, 1013.108
2018-03-30 18:45:29 +0800, BME280, 23.440001, 60.621094, 1013.102
2018-03-30 18:46:01 +0800, BME280, 23.430000, 60.673828, 1013.059
2018-03-30 18:46:33 +0800, BME280, 23.410000, 60.693359, 1013.070
2018-03-30 18:47:13 +0800, BME280, 23.379999, 60.702148, 1013.088
2018-03-30 18:48:46 +0800, BME280, 23.400000, 60.673828, 1013.100
2018-03-30 18:49:25 +0800, BME280, 23.420000, 60.695312, 1013.145
2018-03-30 18:50:21 +0800, BME280, 23.420000, 60.628906, 1013.134
2018-03-30 18:50:53 +0800, BME280, 23.410000, 60.661133, 1013.135
2018-03-30 18:51:30 +0800, BME280, 23.410000, 60.727539, 1013.168
2018-03-30 18:52:04 +0800, BME280, 23.370001, 60.789062, 1013.158
2018-03-30 18:52:36 +0800, BME280, 23.340000, 60.916992, 1013.170
2018-03-30 18:53:12 +0800, BME280, 23.360001, 60.820312, 1013.171
2018-03-30 18:53:46 +0800, BME280, 23.379999, 60.800781, 1013.181
2018-03-30 18:54:18 +0800, BME280, 23.389999, 60.669922, 1013.170
2018-03-30 18:54:52 +0800, BME280, 23.389999, 60.692383, 1013.178
2018-03-30 18:57:27 +0800, BME280, 23.270000, 60.941406, 1013.202
2018-03-30 18:57:58 +0800, BME280, 23.270000, 60.986328, 1013.176
2018-03-30 18:58:30 +0800, BME280, 23.280001, 60.944336, 1013.176
2018-03-30 18:59:05 +0800, BME280, 23.280001, 60.899414, 1013.223
2018-03-30 18:59:41 +0800, BME280, 23.280001, 60.844727, 1013.207
2018-03-30 19:00:21 +0800, BME280, 23.280001, 60.811523, 1013.204
2018-03-30 19:00:52 +0800, BME280, 23.280001, 60.789062, 1013.253
2018-03-30 19:01:24 +0800, BME280, 23.250000, 60.850586, 1013.224
2018-03-30 19:01:56 +0800, BME280, 23.250000, 60.817383, 1013.247
2018-03-30 19:02:29 +0800, BME280, 23.200001, 60.870117, 1013.277
2018-03-30 19:03:02 +0800, BME280, 23.230000, 60.871094, 1013.310
2018-03-30 19:03:36 +0800, BME280, 23.250000, 60.794922, 1013.281
2018-03-30 19:04:08 +0800, BME280, 23.230000, 60.836914, 1013.290
2018-03-30 19:04:53 +0800, BME280, 23.219999, 60.844727, 1013.287
2018-03-30 19:05:31 +0800, BME280, 23.219999, 60.844727, 1013.325
2018-03-30 19:06:07 +0800, BME280, 23.200001, 60.833008, 1013.289
2018-03-30 19:07:00 +0800, BME280, 23.190001, 60.853516, 1013.319
2018-03-30 19:07:32 +0800, BME280, 23.180000, 60.863281, 1013.335
2018-03-30 19:08:07 +0800, BME280, 23.170000, 60.851562, 1013.286
2018-03-30 19:08:49 +0800, BME280, 23.200001, 60.809570, 1013.316
2018-03-30 19:09:23 +0800, BME280, 23.180000, 60.841797, 1013.345
2018-03-30 19:09:55 +0800, BME280, 23.170000, 60.851562, 1013.285
2018-03-30 19:10:26 +0800, BME280, 23.180000, 60.819336, 1013.349
2018-03-30 19:10:58 +0800, BME280, 23.180000, 60.829102, 1013.309
2018-03-30 19:11:29 +0800, BME280, 23.180000, 60.841797, 1013.311
2018-03-30 19:12:09 +0800, BME280, 23.209999, 60.721680, 1013.351
2018-03-30 19:12:41 +0800, BME280, 23.209999, 60.701172, 1013.345
2018-03-30 19:13:16 +0800, BME280, 23.200001, 60.688477, 1013.344
2018-03-30 19:13:56 +0800, BME280, 23.190001, 60.743164, 1013.352
2018-03-30 19:14:28 +0800, BME280, 23.180000, 60.752930, 1013.331
2018-03-30 19:16:04 +0800, BME280, 23.139999, 60.802734, 1013.341
2018-03-30 19:16:36 +0800, BME280, 23.150000, 60.825195, 1013.358
2018-03-30 19:17:12 +0800, BME280, 23.150000, 60.814453, 1013.395
2018-03-30 19:17:50 +0800, BME280, 23.139999, 60.847656, 1013.411
2018-03-30 19:18:22 +0800, BME280, 23.100000, 60.952148, 1013.398
2018-03-30 19:18:56 +0800, BME280, 23.139999, 60.834961, 1013.406
2018-03-30 19:19:28 +0800, BME280, 23.150000, 60.802734, 1013.406
2018-03-30 19:20:01 +0800, BME280, 23.139999, 60.814453, 1013.415
2018-03-30 19:20:33 +0800, BME280, 23.139999, 60.801758, 1013.428
2018-03-30 19:21:04 +0800, BME280, 23.139999, 60.791992, 1013.401
2018-03-30 19:21:53 +0800, BME280, 23.139999, 60.757812, 1013.395
2018-03-30 19:22:25 +0800, BME280, 23.139999, 60.735352, 1013.402
2018-03-30 19:22:57 +0800, BME280, 23.129999, 60.755859, 1013.374
2018-03-30 19:24:39 +0800, BME280, 23.120001, 60.800781, 1013.434
2018-03-30 19:26:13 +0800, BME280, 23.110001, 60.808594, 1013.399
2018-03-30 19:26:51 +0800, BME280, 23.080000, 60.905273, 1013.416
2018-03-30 19:27:30 +0800, BME280, 23.090000, 60.862305, 1013.447
2018-03-30 19:28:02 +0800, BME280, 23.090000, 60.873047, 1013.433
2018-03-30 19:28:35 +0800, BME280, 23.080000, 60.849609, 1013.434
2018-03-30 19:29:06 +0800, BME280, 23.080000, 60.860352, 1013.431
2018-03-30 19:29:41 +0800, BME280, 23.090000, 60.839844, 1013.443
2018-03-30 19:30:15 +0800, BME280, 23.100000, 60.796875, 1013.446
2018-03-30 19:30:52 +0800, BME280, 23.090000, 60.793945, 1013.453
2018-03-30 19:31:23 +0800, BME280, 23.100000, 60.763672, 1013.474
2018-03-30 19:31:55 +0800, BME280, 23.090000, 60.796875, 1013.497
2018-03-30 19:32:30 +0800, BME280, 23.070000, 60.838867, 1013.475
2018-03-30 19:33:04 +0800, BME280, 23.049999, 60.878906, 1013.495
2018-03-30 19:33:36 +0800, BME280, 23.049999, 60.912109, 1013.553
2018-03-30 19:35:12 +0800, BME280, 23.049999, 60.922852, 1013.562
2018-03-30 19:35:43 +0800, BME280, 23.059999, 60.845703, 1013.527
2018-03-30 19:36:15 +0800, BME280, 23.090000, 60.795898, 1013.564
2018-03-30 19:36:58 +0800, BME280, 23.049999, 60.889648, 1013.552
2018-03-30 19:37:30 +0800, BME280, 23.049999, 60.912109, 1013.600
2018-03-30 19:38:02 +0800, BME280, 23.049999, 60.878906, 1013.603
2018-03-30 19:38:33 +0800, BME280, 23.030001, 60.920898, 1013.588
2018-03-30 19:39:07 +0800, BME280, 23.020000, 60.974609, 1013.630
2018-03-30 19:39:48 +0800, BME280, 23.020000, 60.951172, 1013.631
2018-03-30 19:40:22 +0800, BME280, 23.020000, 60.963867, 1013.624
2018-03-30 19:40:55 +0800, BME280, 23.000000, 61.016602, 1013.637
2018-03-30 19:41:29 +0800, BME280, 22.990000, 61.036133, 1013.635
2018-03-30 19:42:05 +0800, BME280, 22.980000, 61.058594, 1013.648
2018-03-30 19:44:42 +0800, BME280, 22.980000, 61.057617, 1013.662
2018-03-30 19:45:14 +0800, BME280, 22.980000, 61.057617, 1013.644
2018-03-30 19:45:47 +0800, BME280, 22.980000, 61.081055, 1013.675
2018-03-30 19:46:18 +0800, BME280, 22.969999, 61.067383, 1013.678
2018-03-30 19:46:50 +0800, BME280, 22.980000, 61.036133, 1013.660
2018-03-30 19:47:22 +0800, BME280, 22.969999, 61.078125, 1013.662
2018-03-30 19:48:03 +0800, BME280, 22.959999, 61.078125, 1013.692
2018-03-30 19:48:37 +0800, BME280, 22.959999, 61.087891, 1013.669
2018-03-30 19:49:13 +0800, BME280, 22.969999, 61.067383, 1013.715
2018-03-30 19:49:44 +0800, BME280, 22.969999, 61.044922, 1013.713
2018-03-30 19:50:17 +0800, BME280, 23.000000, 60.982422, 1013.732
2018-03-30 19:50:48 +0800, BME280, 23.000000, 60.950195, 1013.732
2018-03-30 19:51:20 +0800, BME280, 22.980000, 61.001953, 1013.751
2018-03-30 19:51:51 +0800, BME280, 22.990000, 60.992188, 1013.706
2018-03-30 19:52:29 +0800, BME280, 22.990000, 60.992188, 1013.726
2018-03-30 19:53:05 +0800, BME280, 22.980000, 61.012695, 1013.723
2018-03-30 19:53:41 +0800, BME280, 22.969999, 61.011719, 1013.728
2018-03-30 19:54:23 +0800, BME280, 22.950001, 61.054688, 1013.736
2018-03-30 19:54:59 +0800, BME280, 22.959999, 61.054688, 1013.727
2018-03-30 19:55:35 +0800, BME280, 22.969999, 61.055664, 1013.712
2018-03-30 19:56:13 +0800, BME280, 22.959999, 61.166992, 1013.729
2018-03-30 19:56:45 +0800, BME280, 22.969999, 61.200195, 1013.730
2018-03-30 19:57:21 +0800, BME280, 22.969999, 61.244141, 1013.762
2018-03-30 19:57:52 +0800, BME280, 22.969999, 61.254883, 1013.692
2018-03-30 19:58:24 +0800, BME280, 22.969999, 61.266602, 1013.721
2018-03-30 19:58:57 +0800, BME280, 22.950001, 61.385742, 1013.734
2018-03-30 19:59:33 +0800, BME280, 22.959999, 61.465820, 1013.737
2018-03-30 20:00:05 +0800, BME280, 22.969999, 61.598633, 1013.717
2018-03-30 20:00:37 +0800, BME280, 22.980000, 61.578125, 1013.757
2018-03-30 20:01:08 +0800, BME280, 23.010000, 61.394531, 1013.757
2018-03-30 20:01:40 +0800, BME280, 23.059999, 61.289062, 1013.753
2018-03-30 20:02:12 +0800, BME280, 23.129999, 61.122070, 1013.787
2018-03-30 20:02:47 +0800, BME280, 23.180000, 60.973633, 1013.768
2018-03-30 20:03:19 +0800, BME280, 23.209999, 60.867188, 1013.748
2018-03-30 20:03:55 +0800, BME280, 23.270000, 60.696289, 1013.750
2018-03-30 20:04:27 +0800, BME280, 23.330000, 60.529297, 1013.742
2018-03-30 20:04:58 +0800, BME280, 23.370001, 60.412109, 1013.728
2018-03-30 20:05:33 +0800, BME280, 23.410000, 60.293945, 1013.788
2018-03-30 20:06:17 +0800, BME280, 23.440001, 60.089844, 1013.747
2018-03-30 20:06:49 +0800, BME280, 23.490000, 59.972656, 1013.736
2018-03-30 20:08:23 +0800, BME280, 23.600000, 59.887695, 1013.786
2018-03-30 20:08:57 +0800, BME280, 23.610001, 59.777344, 1013.821
2018-03-30 20:09:29 +0800, BME280, 23.629999, 59.735352, 1013.789
2018-03-30 20:10:09 +0800, BME280, 23.650000, 59.672852, 1013.817
2018-03-30 20:10:47 +0800, BME280, 23.670000, 59.597656, 1013.819
2018-03-30 20:11:25 +0800, BME280, 23.690001, 59.535156, 1013.843
2018-03-30 20:11:57 +0800, BME280, 23.700001, 59.490234, 1013.830
2018-03-30 20:12:28 +0800, BME280, 23.719999, 59.459961, 1013.843
2018-03-30 20:13:00 +0800, BME280, 23.740000, 59.428711, 1013.835
2018-03-30 20:13:43 +0800, BME280, 23.750000, 59.397461, 1013.863
2018-03-30 20:14:15 +0800, BME280, 23.760000, 59.421875, 1013.825
2018-03-30 20:14:48 +0800, BME280, 23.770000, 59.367188, 1013.869
2018-03-30 20:15:19 +0800, BME280, 23.790001, 59.368164, 1013.887
2018-03-30 20:15:51 +0800, BME280, 23.799999, 59.348633, 1013.910
2018-03-30 20:16:23 +0800, BME280, 23.809999, 59.326172, 1013.881
2018-03-30 20:17:02 +0800, BME280, 23.820000, 59.306641, 1013.918
2018-03-30 20:17:39 +0800, BME280, 23.830000, 59.296875, 1013.913
2018-03-30 20:18:11 +0800, BME280, 23.850000, 59.278320, 1013.944
2018-03-30 20:18:43 +0800, BME280, 23.860001, 59.278320, 1013.919
2018-03-30 20:19:19 +0800, BME280, 23.879999, 59.225586, 1013.951
2018-03-30 20:20:04 +0800, BME280, 23.910000, 59.171875, 1013.969
2018-03-30 20:20:47 +0800, BME280, 23.920000, 59.120117, 1013.922
2018-03-30 20:21:20 +0800, BME280, 23.940001, 59.076172, 1013.932
2018-03-30 20:21:56 +0800, BME280, 23.959999, 59.057617, 1013.923
2018-03-30 20:22:28 +0800, BME280, 23.959999, 59.047852, 1013.930
2018-03-30 20:23:03 +0800, BME280, 23.980000, 59.015625, 1013.980
2018-03-30 20:23:36 +0800, BME280, 24.000000, 58.984375, 1013.984
2018-03-30 20:26:10 +0800, BME280, 24.049999, 58.871094, 1014.026
2018-03-30 20:26:45 +0800, BME280, 24.059999, 58.861328, 1014.017
2018-03-30 20:27:17 +0800, BME280, 24.070000, 58.838867, 1014.054
2018-03-30 20:28:50 +0800, BME280, 24.090000, 58.764648, 1014.040
2018-03-30 20:29:22 +0800, BME280, 24.110001, 58.777344, 1013.983
2018-03-30 20:30:08 +0800, BME280, 24.110001, 58.754883, 1013.998
2018-03-30 20:30:40 +0800, BME280, 24.120001, 58.756836, 1014.002
2018-03-30 20:31:20 +0800, BME280, 24.129999, 58.724609, 1013.989
2018-03-30 20:31:56 +0800, BME280, 24.139999, 58.703125, 1013.966
2018-03-30 20:32:28 +0800, BME280, 24.150000, 58.670898, 1013.999
2018-03-30 20:32:59 +0800, BME280, 24.150000, 58.671875, 1013.970
2018-03-30 20:33:32 +0800, BME280, 24.170000, 58.664062, 1014.032
2018-03-30 20:34:03 +0800, BME280, 24.180000, 58.630859, 1014.011
2018-03-30 20:34:35 +0800, BME280, 24.190001, 58.621094, 1013.989
2018-03-30 20:36:11 +0800, BME280, 24.209999, 58.589844, 1014.020
2018-03-30 20:36:44 +0800, BME280, 24.219999, 58.582031, 1014.039
2018-03-30 20:37:16 +0800, BME280, 24.219999, 58.570312, 1014.045
2018-03-30 20:37:48 +0800, BME280, 24.219999, 58.537109, 1014.022
2018-03-30 20:38:23 +0800, BME280, 24.240000, 58.550781, 1014.060
2018-03-30 20:38:54 +0800, BME280, 24.240000, 58.561523, 1013.992
2018-03-30 20:39:38 +0800, BME280, 24.260000, 58.541016, 1013.994
2018-03-30 20:40:09 +0800, BME280, 24.250000, 58.518555, 1013.992
2018-03-30 20:40:43 +0800, BME280, 24.270000, 58.497070, 1014.022
2018-03-30 20:41:17 +0800, BME280, 24.270000, 58.497070, 1014.028
2018-03-30 20:41:49 +0800, BME280, 24.260000, 58.463867, 1013.972
2018-03-30 20:42:21 +0800, BME280, 24.280001, 58.476562, 1013.968
2018-03-30 20:44:57 +0800, BME280, 24.280001, 58.522461, 1014.000
2018-03-30 20:45:28 +0800, BME280, 24.299999, 58.500977, 1013.988
2018-03-30 20:46:07 +0800, BME280, 24.290001, 58.512695, 1014.012
2018-03-30 20:46:39 +0800, BME280, 24.299999, 58.447266, 1014.011
2018-03-30 20:47:10 +0800, BME280, 24.320000, 58.304688, 1013.968
2018-03-30 20:47:57 +0800, BME280, 24.320000, 58.415039, 1013.979
2018-03-30 20:48:29 +0800, BME280, 24.299999, 58.391602, 1013.946
2018-03-30 20:50:17 +0800, BME280, 24.330000, 58.373047, 1013.970
2018-03-30 20:50:51 +0800, BME280, 24.340000, 58.452148, 1013.986
2018-03-30 20:51:29 +0800, BME280, 24.350000, 58.417969, 1014.012
2018-03-30 20:52:01 +0800, BME280, 24.340000, 58.417969, 1014.022
2018-03-30 20:52:33 +0800, BME280, 24.340000, 58.473633, 1014.021
2018-03-30 20:53:15 +0800, BME280, 24.340000, 58.496094, 1014.037
2018-03-30 20:53:52 +0800, BME280, 24.320000, 58.559570, 1014.019
2018-03-30 20:54:28 +0800, BME280, 24.320000, 58.449219, 1014.016
2018-03-30 20:55:03 +0800, BME280, 24.309999, 58.425781, 1014.031
2018-03-30 20:55:36 +0800, BME280, 24.320000, 58.359375, 1014.040
2018-03-30 20:56:19 +0800, BME280, 24.330000, 58.428711, 1014.037
2018-03-30 20:56:51 +0800, BME280, 24.309999, 58.425781, 1014.047
2018-03-30 20:57:23 +0800, BME280, 24.299999, 58.336914, 1014.021
2018-03-30 20:57:56 +0800, BME280, 24.320000, 58.425781, 1014.080
2018-03-30 20:58:36 +0800, BME280, 24.320000, 58.380859, 1014.060
2018-03-30 20:59:22 +0800, BME280, 24.320000, 58.382812, 1014.087
2018-03-30 21:00:00 +0800, BME280, 24.330000, 58.396484, 1014.085
2018-03-30 21:00:34 +0800, BME280, 24.330000, 58.350586, 1014.072
2018-03-30 21:01:20 +0800, BME280, 24.340000, 58.273438, 1014.112
2018-03-30 21:01:58 +0800, BME280, 24.330000, 58.250000, 1014.073
2018-03-30 21:03:32 +0800, BME280, 24.340000, 58.196289, 1014.120
2018-03-30 21:04:04 +0800, BME280, 24.350000, 58.162109, 1014.123
2018-03-30 21:05:49 +0800, BME280, 24.350000, 58.108398, 1014.066
2018-03-30 21:06:24 +0800, BME280, 24.360001, 58.153320, 1014.065
2018-03-30 21:06:56 +0800, BME280, 24.360001, 58.097656, 1014.088
2018-03-30 21:07:33 +0800, BME280, 24.360001, 58.097656, 1014.080
2018-03-30 21:08:11 +0800, BME280, 24.370001, 58.111328, 1014.080
2018-03-30 21:08:42 +0800, BME280, 24.370001, 58.066406, 1014.077
2018-03-30 21:09:14 +0800, BME280, 24.379999, 58.078125, 1014.049
2018-03-30 21:10:05 +0800, BME280, 24.400000, 57.937500, 1014.031
2018-03-30 21:10:51 +0800, BME280, 24.410000, 57.904297, 1014.038
2018-03-30 21:11:23 +0800, BME280, 24.430000, 57.928711, 1014.049
2018-03-30 21:11:55 +0800, BME280, 24.430000, 57.962891, 1014.040
2018-03-30 21:12:26 +0800, BME280, 24.440001, 57.875000, 1014.036
2018-03-30 21:13:03 +0800, BME280, 24.459999, 57.854492, 1014.008
2018-03-30 21:13:39 +0800, BME280, 24.480000, 57.791016, 1014.004
2018-03-30 21:14:13 +0800, BME280, 24.510000, 57.738281, 1014.019
2018-03-30 21:14:51 +0800, BME280, 24.530001, 57.708984, 1014.043
2018-03-30 21:15:23 +0800, BME280, 24.549999, 57.688477, 1014.070
2018-03-30 21:15:57 +0800, BME280, 24.570000, 57.657227, 1014.078
2018-03-30 21:16:29 +0800, BME280, 24.580000, 57.592773, 1014.120
2018-03-30 21:17:06 +0800, BME280, 24.590000, 57.516602, 1014.117
2018-03-30 21:17:45 +0800, BME280, 24.580000, 57.604492, 1014.130
2018-03-30 21:18:17 +0800, BME280, 24.570000, 57.791016, 1014.107
2018-03-30 21:18:54 +0800, BME280, 24.540001, 57.833008, 1014.099
2018-03-30 21:19:30 +0800, BME280, 24.549999, 57.855469, 1014.111
2018-03-30 21:20:06 +0800, BME280, 24.530001, 57.931641, 1014.075
2018-03-30 21:20:56 +0800, BME280, 24.530001, 57.930664, 1014.079
2018-03-30 21:21:28 +0800, BME280, 24.520000, 57.985352, 1014.107
2018-03-30 21:22:00 +0800, BME280, 24.530001, 57.963867, 1014.129
2018-03-30 21:22:32 +0800, BME280, 24.520000, 57.996094, 1014.101
2018-03-30 21:23:03 +0800, BME280, 24.510000, 57.985352, 1014.100
2018-03-30 21:23:40 +0800, BME280, 24.520000, 57.973633, 1014.125
2018-03-30 21:24:12 +0800, BME280, 24.520000, 57.952148, 1014.160
2018-03-30 21:24:52 +0800, BME280, 24.510000, 57.928711, 1014.124
2018-03-30 21:25:36 +0800, BME280, 24.510000, 57.894531, 1014.118
2018-03-30 21:26:12 +0800, BME280, 24.520000, 57.840820, 1014.153
2018-03-30 21:27:45 +0800, BME280, 24.520000, 57.829102, 1014.164
2018-03-30 21:28:17 +0800, BME280, 24.520000, 57.785156, 1014.177
2018-03-30 21:28:55 +0800, BME280, 24.520000, 57.751953, 1014.172
2018-03-30 21:30:29 +0800, BME280, 24.520000, 57.829102, 1014.223
2018-03-30 21:31:00 +0800, BME280, 24.520000, 57.762695, 1014.186
2018-03-30 21:31:37 +0800, BME280, 24.520000, 57.717773, 1014.217
2018-03-30 21:32:15 +0800, BME280, 24.520000, 57.751953, 1014.182
2018-03-30 21:32:55 +0800, BME280, 24.520000, 57.818359, 1014.171
2018-03-30 21:33:31 +0800, BME280, 24.530001, 57.730469, 1014.203
2018-03-30 21:34:03 +0800, BME280, 24.540001, 57.710938, 1014.215
2018-03-30 21:34:49 +0800, BME280, 24.549999, 57.710938, 1014.206
2018-03-30 21:35:24 +0800, BME280, 24.549999, 57.666016, 1014.219
2018-03-30 21:36:00 +0800, BME280, 24.559999, 57.689453, 1014.207
2018-03-30 21:36:35 +0800, BME280, 24.549999, 57.621094, 1014.231
2018-03-30 21:37:07 +0800, BME280, 24.559999, 57.633789, 1014.226
2018-03-30 21:37:38 +0800, BME280, 24.559999, 57.633789, 1014.235
2018-03-30 21:38:21 +0800, BME280, 24.549999, 57.565430, 1014.244
2018-03-30 21:38:53 +0800, BME280, 24.559999, 57.590820, 1014.261
2018-03-30 21:39:32 +0800, BME280, 24.559999, 57.578125, 1014.237
2018-03-30 21:40:06 +0800, BME280, 24.570000, 57.601562, 1014.247
2018-03-30 21:40:38 +0800, BME280, 24.570000, 57.590820, 1014.256
2018-03-30 21:41:31 +0800, BME280, 24.570000, 57.556641, 1014.275
2018-03-30 21:42:08 +0800, BME280, 24.570000, 57.501953, 1014.264
2018-03-30 21:42:40 +0800, BME280, 24.580000, 57.491211, 1014.262
2018-03-30 21:43:11 +0800, BME280, 24.580000, 57.548828, 1014.294
2018-03-30 21:43:48 +0800, BME280, 24.580000, 57.491211, 1014.258
2018-03-30 21:44:19 +0800, BME280, 24.580000, 57.491211, 1014.264
2018-03-30 21:44:51 +0800, BME280, 24.590000, 57.482422, 1014.253
2018-03-30 21:45:38 +0800, BME280, 24.590000, 57.438477, 1014.282
2018-03-30 21:46:09 +0800, BME280, 24.610001, 57.428711, 1014.314
2018-03-30 21:46:41 +0800, BME280, 24.590000, 57.426758, 1014.262
2018-03-30 21:47:13 +0800, BME280, 24.610001, 57.416992, 1014.290
2018-03-30 21:47:59 +0800, BME280, 24.600000, 57.383789, 1014.271
2018-03-30 21:48:31 +0800, BME280, 24.610001, 57.440430, 1014.336
2018-03-30 21:49:02 +0800, BME280, 24.620001, 57.453125, 1014.347
2018-03-30 21:49:42 +0800, BME280, 24.620001, 57.475586, 1014.320
2018-03-30 21:50:14 +0800, BME280, 24.620001, 57.441406, 1014.314
2018-03-30 21:50:45 +0800, BME280, 24.620001, 57.352539, 1014.309
2018-03-30 21:51:17 +0800, BME280, 24.629999, 57.332031, 1014.299
2018-03-30 21:51:48 +0800, BME280, 24.629999, 57.342773, 1014.358
2018-03-30 21:52:23 +0800, BME280, 24.639999, 57.377930, 1014.339
2018-03-30 21:52:54 +0800, BME280, 24.639999, 57.365234, 1014.346
2018-03-30 21:53:27 +0800, BME280, 24.650000, 57.278320, 1014.361
2018-03-30 21:54:11 +0800, BME280, 24.650000, 57.267578, 1014.344
2018-03-30 21:54:43 +0800, BME280, 24.650000, 57.290039, 1014.335
2018-03-30 21:55:25 +0800, BME280, 24.650000, 57.268555, 1014.343
2018-03-30 21:56:01 +0800, BME280, 24.660000, 57.268555, 1014.350
2018-03-30 21:56:33 +0800, BME280, 24.660000, 57.313477, 1014.346
2018-03-30 21:57:24 +0800, BME280, 24.650000, 57.256836, 1014.366
2018-03-30 21:59:09 +0800, BME280, 24.660000, 57.190430, 1014.341
2018-03-30 21:59:41 +0800, BME280, 24.670000, 57.180664, 1014.350
2018-03-30 22:00:13 +0800, BME280, 24.680000, 57.193359, 1014.400
2018-03-30 22:00:44 +0800, BME280, 24.680000, 57.181641, 1014.356
2018-03-30 22:01:25 +0800, BME280, 24.670000, 57.181641, 1014.382
2018-03-30 22:01:58 +0800, BME280, 24.680000, 57.125977, 1014.335
2018-03-30 22:02:30 +0800, BME280, 24.680000, 57.137695, 1014.342
2018-03-30 22:03:04 +0800, BME280, 24.690001, 57.159180, 1014.341
2018-03-30 22:03:44 +0800, BME280, 24.680000, 57.170898, 1014.352
2018-03-30 22:04:22 +0800, BME280, 24.700001, 57.094727, 1014.372
2018-03-30 22:04:56 +0800, BME280, 24.700001, 57.128906, 1014.340
2018-03-30 22:05:32 +0800, BME280, 24.690001, 57.216797, 1014.332
2018-03-30 22:06:08 +0800, BME280, 24.709999, 57.218750, 1014.358
2018-03-30 22:06:40 +0800, BME280, 24.719999, 57.208984, 1014.381
2018-03-30 22:07:18 +0800, BME280, 24.719999, 57.220703, 1014.376
2018-03-30 22:07:50 +0800, BME280, 24.719999, 57.209961, 1014.406
2018-03-30 22:08:22 +0800, BME280, 24.730000, 57.121094, 1014.402
2018-03-30 22:09:55 +0800, BME280, 24.719999, 57.097656, 1014.367
2018-03-30 22:10:27 +0800, BME280, 24.719999, 57.064453, 1014.387
2018-03-30 22:11:02 +0800, BME280, 24.730000, 57.065430, 1014.404
2018-03-30 22:11:34 +0800, BME280, 24.740000, 57.034180, 1014.412
2018-03-30 22:12:11 +0800, BME280, 24.750000, 56.991211, 1014.430
2018-03-30 22:12:42 +0800, BME280, 24.760000, 57.024414, 1014.401
2018-03-30 22:13:14 +0800, BME280, 24.750000, 57.081055, 1014.405
2018-03-30 22:13:51 +0800, BME280, 24.750000, 57.146484, 1014.436
2018-03-30 22:14:22 +0800, BME280, 24.750000, 57.125000, 1014.388
2018-03-30 22:14:57 +0800, BME280, 24.760000, 57.103516, 1014.413
2018-03-30 22:15:31 +0800, BME280, 24.760000, 57.103516, 1014.378
2018-03-30 22:16:05 +0800, BME280, 24.770000, 57.082031, 1014.415
2018-03-30 22:16:41 +0800, BME280, 24.780001, 56.959961, 1014.443
2018-03-30 22:17:12 +0800, BME280, 24.770000, 57.026367, 1014.411
2018-03-30 22:17:44 +0800, BME280, 24.770000, 56.970703, 1014.426
2018-03-30 22:18:27 +0800, BME280, 24.770000, 56.949219, 1014.445
2018-03-30 22:18:59 +0800, BME280, 24.780001, 56.970703, 1014.422
2018-03-30 22:19:33 +0800, BME280, 24.780001, 57.038086, 1014.421
2018-03-30 22:20:05 +0800, BME280, 24.780001, 56.937500, 1014.440
2018-03-30 22:20:36 +0800, BME280, 24.780001, 56.904297, 1014.466
2018-03-30 22:21:10 +0800, BME280, 24.780001, 56.926758, 1014.428
2018-03-30 22:22:48 +0800, BME280, 24.780001, 56.904297, 1014.432
2018-03-30 22:23:22 +0800, BME280, 24.780001, 56.872070, 1014.436
2018-03-30 22:23:54 +0800, BME280, 24.780001, 56.882812, 1014.419
2018-03-30 22:24:28 +0800, BME280, 24.790001, 56.862305, 1014.443
2018-03-30 22:25:00 +0800, BME280, 24.410000, 56.839844, 1014.444
2018-03-30 22:25:31 +0800, BME280, 24.790001, 56.862305, 1014.450
2018-03-30 22:26:04 +0800, BME280, 24.790001, 56.862305, 1014.405
2018-03-30 22:26:42 +0800, BME280, 24.790001, 56.873047, 1014.430
2018-03-30 22:27:16 +0800, BME280, 24.799999, 56.807617, 1014.438
2018-03-30 22:27:48 +0800, BME280, 24.809999, 56.808594, 1014.495
2018-03-30 22:28:21 +0800, BME280, 24.809999, 56.763672, 1014.438
2018-03-30 22:28:58 +0800, BME280, 24.809999, 56.763672, 1014.436
2018-03-30 22:29:31 +0800, BME280, 24.809999, 56.774414, 1014.402
2018-03-30 22:30:02 +0800, BME280, 24.820000, 56.743164, 1014.416
2018-03-30 22:30:47 +0800, BME280, 24.820000, 56.776367, 1014.469
2018-03-30 22:31:19 +0800, BME280, 24.820000, 56.776367, 1014.427
2018-03-30 22:31:51 +0800, BME280, 24.809999, 56.752930, 1014.388
2018-03-30 22:32:33 +0800, BME280, 24.820000, 56.720703, 1014.398
2018-03-30 22:33:23 +0800, BME280, 24.820000, 56.753906, 1014.409
2018-03-30 22:33:54 +0800, BME280, 24.830000, 56.721680, 1014.393
2018-03-30 22:34:33 +0800, BME280, 24.830000, 56.789062, 1014.413
2018-03-30 22:35:09 +0800, BME280, 24.820000, 56.765625, 1014.397
2018-03-30 22:35:41 +0800, BME280, 24.830000, 56.765625, 1014.377
2018-03-30 22:36:15 +0800, BME280, 24.840000, 56.812500, 1014.389
2018-03-30 22:36:51 +0800, BME280, 24.820000, 56.821289, 1014.372
2018-03-30 22:37:35 +0800, BME280, 24.840000, 56.778320, 1014.406
2018-03-30 22:38:07 +0800, BME280, 24.840000, 56.756836, 1014.408
2018-03-30 22:38:43 +0800, BME280, 24.840000, 56.745117, 1014.437
2018-03-30 22:39:15 +0800, BME280, 24.840000, 56.734375, 1014.424
2018-03-30 22:39:46 +0800, BME280, 24.840000, 56.711914, 1014.440
2018-03-30 22:40:18 +0800, BME280, 24.850000, 56.735352, 1014.432
2018-03-30 22:40:55 +0800, BME280, 24.840000, 56.745117, 1014.394
2018-03-30 22:41:30 +0800, BME280, 24.850000, 56.736328, 1014.413
2018-03-30 22:42:06 +0800, BME280, 24.850000, 56.702148, 1014.428
2018-03-30 22:42:42 +0800, BME280, 24.860001, 56.680664, 1014.401
2018-03-30 22:43:14 +0800, BME280, 24.850000, 56.725586, 1014.391
2018-03-30 22:43:48 +0800, BME280, 24.860001, 56.725586, 1014.351
2018-03-30 22:44:24 +0800, BME280, 24.860001, 56.737305, 1014.369
2018-03-30 22:45:00 +0800, BME280, 24.860001, 56.660156, 1014.332
2018-03-30 22:45:36 +0800, BME280, 24.860001, 56.637695, 1014.331
2018-03-30 22:47:09 +0800, BME280, 24.870001, 56.625977, 1014.305
2018-03-30 22:48:05 +0800, BME280, 24.870001, 56.592773, 1014.289
2018-03-30 22:48:54 +0800, BME280, 24.889999, 56.573242, 1014.352
2018-03-30 22:49:25 +0800, BME280, 24.889999, 56.573242, 1014.352
2018-03-30 22:51:00 +0800, BME280, 24.870001, 56.582031, 1014.296
2018-03-30 22:52:35 +0800, BME280, 24.889999, 56.595703, 1014.312
2018-03-30 22:53:07 +0800, BME280, 24.889999, 56.541016, 1014.280
2018-03-30 22:53:45 +0800, BME280, 24.900000, 56.518555, 1014.293
2018-03-30 22:54:17 +0800, BME280, 24.900000, 56.552734, 1014.248
2018-03-30 22:54:49 +0800, BME280, 24.910000, 56.530273, 1014.282
2018-03-30 22:55:25 +0800, BME280, 24.910000, 56.509766, 1014.271
2018-03-30 22:56:01 +0800, BME280, 24.910000, 56.487305, 1014.218
2018-03-30 22:56:33 +0800, BME280, 24.920000, 56.465820, 1014.223
2018-03-30 22:57:07 +0800, BME280, 24.930000, 56.511719, 1014.281
2018-03-30 22:57:39 +0800, BME280, 24.900000, 56.497070, 1014.240
2018-03-30 22:58:13 +0800, BME280, 24.920000, 56.454102, 1014.236
2018-03-30 22:58:45 +0800, BME280, 24.920000, 56.498047, 1014.226
2018-03-30 22:59:22 +0800, BME280, 24.910000, 56.509766, 1014.255
2018-03-30 22:59:59 +0800, BME280, 24.920000, 56.476562, 1014.227
2018-03-30 23:00:31 +0800, BME280, 24.920000, 56.465820, 1014.267
2018-03-30 23:01:03 +0800, BME280, 24.920000, 56.476562, 1014.261
2018-03-30 23:01:39 +0800, BME280, 24.920000, 56.465820, 1014.279
2018-03-30 23:02:11 +0800, BME280, 24.930000, 56.456055, 1014.297
2018-03-30 23:02:42 +0800, BME280, 24.930000, 56.456055, 1014.316
2018-03-30 23:03:14 +0800, BME280, 24.920000, 56.444336, 1014.314
2018-03-30 23:03:46 +0800, BME280, 24.920000, 56.464844, 1014.310
2018-03-30 23:04:36 +0800, BME280, 24.920000, 56.455078, 1014.329
2018-03-30 23:05:08 +0800, BME280, 24.930000, 56.433594, 1014.293
2018-03-30 23:05:52 +0800, BME280, 24.940001, 56.413086, 1014.303
2018-03-30 23:06:24 +0800, BME280, 24.930000, 56.412109, 1014.297
2018-03-30 23:06:58 +0800, BME280, 24.940001, 56.390625, 1014.286
2018-03-30 23:07:36 +0800, BME280, 24.930000, 56.412109, 1014.284
2018-03-30 23:08:12 +0800, BME280, 24.930000, 56.412109, 1014.260
2018-03-30 23:08:46 +0800, BME280, 24.950001, 56.390625, 1014.243
2018-03-30 23:09:20 +0800, BME280, 24.940001, 56.368164, 1014.263
2018-03-30 23:09:54 +0800, BME280, 24.950001, 56.380859, 1014.260
2018-03-30 23:10:25 +0800, BME280, 24.950001, 56.369141, 1014.302
2018-03-30 23:11:01 +0800, BME280, 24.950001, 56.380859, 1014.312
2018-03-30 23:11:37 +0800, BME280, 24.950001, 56.391602, 1014.253
2018-03-30 23:12:13 +0800, BME280, 24.950001, 56.380859, 1014.250
2018-03-30 23:13:46 +0800, BME280, 24.969999, 56.360352, 1014.302
2018-03-30 23:14:19 +0800, BME280, 24.959999, 56.371094, 1014.268
2018-03-30 23:14:52 +0800, BME280, 24.959999, 56.403320, 1014.280
2018-03-30 23:15:24 +0800, BME280, 24.959999, 56.392578, 1014.276
2018-03-30 23:16:01 +0800, BME280, 24.959999, 56.371094, 1014.305
2018-03-30 23:16:32 +0800, BME280, 24.940001, 56.390625, 1014.240
2018-03-30 23:17:05 +0800, BME280, 24.950001, 56.392578, 1014.328
2018-03-30 23:17:37 +0800, BME280, 24.950001, 56.401367, 1014.278
2018-03-30 23:18:09 +0800, BME280, 24.940001, 56.423828, 1014.295
2018-03-30 23:18:40 +0800, BME280, 24.930000, 56.433594, 1014.315
2018-03-30 23:19:13 +0800, BME280, 24.940001, 56.401367, 1014.271
2018-03-30 23:20:50 +0800, BME280, 24.950001, 56.391602, 1014.267
2018-03-30 23:21:21 +0800, BME280, 24.959999, 56.381836, 1014.243
2018-03-30 23:21:56 +0800, BME280, 24.950001, 56.380859, 1014.208
2018-03-30 23:22:28 +0800, BME280, 24.959999, 56.371094, 1014.217
2018-03-30 23:22:59 +0800, BME280, 24.959999, 56.381836, 1014.221
2018-03-30 23:23:36 +0800, BME280, 24.959999, 56.381836, 1014.236
2018-03-30 23:24:08 +0800, BME280, 24.950001, 56.380859, 1014.205
2018-03-30 23:25:42 +0800, BME280, 24.959999, 56.314453, 1014.172
2018-03-30 23:26:18 +0800, BME280, 24.969999, 56.304688, 1014.158
2018-03-30 23:26:57 +0800, BME280, 24.969999, 56.317383, 1014.144
2018-03-30 23:27:28 +0800, BME280, 24.980000, 56.328125, 1014.166
2018-03-30 23:28:11 +0800, BME280, 24.959999, 56.314453, 1014.142
2018-03-30 23:28:50 +0800, BME280, 24.980000, 56.317383, 1014.123
2018-03-30 23:29:29 +0800, BME280, 24.969999, 56.326172, 1014.106
2018-03-30 23:30:05 +0800, BME280, 24.969999, 56.316406, 1014.091
2018-03-30 23:30:51 +0800, BME280, 24.969999, 56.294922, 1014.078
2018-03-30 23:31:23 +0800, BME280, 24.990000, 56.295898, 1014.080
2018-03-30 23:32:09 +0800, BME280, 24.990000, 56.240234, 1014.078
2018-03-30 23:32:51 +0800, BME280, 24.990000, 56.251953, 1014.059
2018-03-30 23:33:25 +0800, BME280, 24.990000, 56.262695, 1014.091
2018-03-30 23:33:59 +0800, BME280, 24.990000, 56.262695, 1014.074
2018-03-30 23:34:35 +0800, BME280, 24.990000, 56.262695, 1014.079
2018-03-30 23:36:09 +0800, BME280, 24.980000, 56.284180, 1014.048
2018-03-30 23:36:41 +0800, BME280, 24.990000, 56.273438, 1014.038
2018-03-30 23:37:15 +0800, BME280, 24.990000, 56.285156, 1014.040
2018-03-30 23:37:47 +0800, BME280, 24.969999, 56.317383, 1014.036
2018-03-30 23:38:25 +0800, BME280, 24.980000, 56.305664, 1014.038
2018-03-30 23:39:02 +0800, BME280, 24.980000, 56.284180, 1014.059
2018-03-30 23:39:33 +0800, BME280, 24.980000, 56.305664, 1014.081
2018-03-30 23:40:24 +0800, BME280, 24.980000, 56.284180, 1014.076
2018-03-30 23:40:56 +0800, BME280, 24.990000, 56.285156, 1014.072
2018-03-30 23:41:30 +0800, BME280, 24.990000, 56.240234, 1014.055
2018-03-30 23:42:01 +0800, BME280, 24.990000, 56.252930, 1014.058
2018-03-30 23:42:34 +0800, BME280, 25.000000, 56.230469, 1014.058
2018-03-30 23:43:05 +0800, BME280, 25.010000, 56.231445, 1014.052
2018-03-30 23:43:37 +0800, BME280, 25.010000, 56.198242, 1014.073
2018-03-30 23:46:13 +0800, BME280, 25.020000, 56.210938, 1014.030
2018-03-30 23:46:49 +0800, BME280, 25.020000, 56.199219, 1014.073
2018-03-30 23:47:21 +0800, BME280, 25.030001, 56.166992, 1014.086
2018-03-30 23:47:52 +0800, BME280, 25.030001, 56.177734, 1014.122
2018-03-30 23:48:27 +0800, BME280, 25.030001, 56.167969, 1014.092
2018-03-30 23:49:03 +0800, BME280, 25.030001, 56.156250, 1014.094
2018-03-30 23:50:59 +0800, BME280, 25.020000, 56.188477, 1014.117
2018-03-30 23:51:31 +0800, BME280, 25.020000, 56.199219, 1014.121
2018-03-30 23:52:04 +0800, BME280, 25.020000, 56.189453, 1014.120
2018-03-30 23:52:35 +0800, BME280, 25.020000, 56.189453, 1014.110
2018-03-30 23:53:18 +0800, BME280, 25.020000, 56.200195, 1014.105
2018-03-30 23:53:56 +0800, BME280, 25.020000, 56.200195, 1014.098
2018-03-30 23:54:28 +0800, BME280, 25.020000, 56.188477, 1014.073
2018-03-30 23:54:59 +0800, BME280, 25.020000, 56.189453, 1014.094
2018-03-30 23:56:40 +0800, BME280, 25.030001, 56.166992, 1014.063
2018-03-30 23:57:16 +0800, BME280, 25.030001, 56.144531, 1014.019
2018-03-30 23:57:48 +0800, BME280, 25.030001, 56.156250, 1014.028
2018-03-30 23:58:20 +0800, BME280, 25.020000, 56.156250, 1014.006
2018-03-30 23:58:51 +0800, BME280, 25.020000, 56.144531, 1014.019
2018-03-30 23:59:24 +0800, BME280, 25.030001, 56.156250, 1013.995
